﻿sep=;
Transaction;Block;Date/Time;Type;Amount;Total
368b575d9b722e9d41fb8d21bf318e3e54c60ae09061d49216720b89413701d3;1545354;2020-09-04 10:14:44;Send;-20073.28242954;36430.31016343
cca9e7fb4c9bdce56832dadea79926ee8fc78d7d79d2f3e3f79e9d68a899e65f;1545351;2020-09-04 10:10:30;Receive;1375.91056366;56503.59259297
0bd39c16673b19565aed56ace9693f94acff26931f4ddd8ba5b7ea1747de2d41;1545350;2020-09-04 10:09:17;Receive;1457.99000121;55127.68202931
28bb38d6df54978c32f7f530f2f95b97badeffa6ce447658601ad0ecf6c84019;1545347;2020-09-04 10:07:00;Receive;1457.99000121;53669.6920281
a430a1183ae14718009d411728dbbcb227ea6ca709eb48e931076e01da40a689;1545347;2020-09-04 10:07:00;Receive;1462.3099716;52211.70202689
7f670f9bdd5d5f1553c04a8133bf7b2fc92b91b924a1c028f7bf233bbccd1f94;1545344;2020-09-04 10:02:06;Receive;1457.99000121;50749.39205529
02259c91aae83de5e0722975bc9d8f4ea2fd35cb28264ad3dbd0dbc51c7e78ad;1545339;2020-09-04 09:58:15;Receive;1457.99000121;49291.40205408
5ca5e8b8417356062348816277200a8cd4b6d337560d4d5c288eeda7307e7867;1545338;2020-09-04 09:55:46;Receive;1457.99000121;47833.41205287
96223144bc799ce8e08ec47bdfaf50d7bc8300d9dc3a54e9c7cfcec2f4f47708;1544213;2020-09-03 15:06:27;Receive;1457.99000121;46375.42205166
b66a2a8d8f8d0081d18fa899beca8825779755d387c3a900c0b0fc65cb31cb00;1544210;2020-09-03 15:01:39;Receive;1457.99000121;44917.43205045
5b8f8e51ef0f063c89bcd8f881ee0a478d4eb77fbb676398146a022189a32914;1544202;2020-09-03 14:52:15;Receive;1304.63105211;43459.44204924
9621a5c4cae79fbee738b7de480a4f619affc89b0787519677b498abb5db7f47;1544132;2020-09-03 13:39:18;Receive;1457.99000121;42154.81099713
a8767fb9ff71774b705b3c64c82cab6378585e807a1e1c106d3c56c73b8b42cd;1544113;2020-09-03 13:20:03;Receive;1457.99000121;40696.82099592
785f3ad56dde7a082dabf7ad7054a14d29f2afc79abb11ba9b1622f8543af39d;1544108;2020-09-03 13:15:23;Receive;1457.99000121;39238.83099471
9d5f2e290032160336d4d867fa3b828e51a5c18ee36c43cff4e377a35adcffc6;1544102;2020-09-03 13:13:06;Receive;1457.99000121;37780.8409935
c1d92b09bf417c27baf815589fffc70c9b3a0bf6c06a0beab1e0c919de0d0e0f;1544099;2020-09-03 13:06:41;Receive;1457.99000121;36322.85099229
27ce59d662e97e2e104b5da95252fba87085112def6d14d89b01fde9830085ec;1544091;2020-09-03 12:59:27;Receive;1455.830016;34864.86099108
cc8b431ca8973bbcb497a7cd9418b5e0354d73fbbeaac32b5b3cff719b610ae2;1544086;2020-09-03 12:55:24;Receive;1457.99000121;33409.03097508
9bb31585d8d8d65a66de75ca856b033142164321425b312c5b2384344f0f3fb5;1543914;2020-09-03 09:45:47;Receive;1457.99000121;31951.04097387
d6fc8c85ebe978ccfd36aafd6f0e791942124e519db1b6bb2cbba63121cce48c;1543904;2020-09-03 09:40:37;Receive;1457.99000121;30493.05097266
7ae5054642496c11122052393ddde59d411f7668938960fac0d56601f51d5680;1543892;2020-09-03 09:34:09;Receive;1457.99000121;29035.06097145
ca8242594bd208f2bae743cfb13d2fb71a89c4e8cdff56b02408c518d71bc7e4;1543883;2020-09-03 09:27:55;Receive;1457.99000121;27577.07097024
d192afb54c4eadf3123c2e82f6ebbb67d20b02ec665cb33a0d16539a4197fe1f;1543871;2020-09-03 09:18:05;Receive;1457.99000121;26119.08096903
34564d2f2db4a90feca78202cf7f2041fb985d2abaf990c763525e9bbced6719;1543867;2020-09-03 09:14:38;Receive;1457.99000121;24661.09096782
bb61a2810e8420413c69ee8d37d87b241c113132568c2025aafa32e7ce748c09;1543863;2020-09-03 09:08:14;Receive;1453.67003081;23203.10096661
f3b7fef527f529df3094d44e5d3f7dd8a7f60eb7df31510a9d3d275ecac77886;1543857;2020-09-03 09:01:48;Receive;1421.81034164;21749.4309358
088a750e2de636a8498c54f3c81470aeaf2b98110caec8248d510480805ced15;1543856;2020-09-03 09:00:17;Receive;1453.67003081;20327.62059416
f03262c7bfc2a4bf57bb29bfef63f2258302730c9c72b920d5396e35c6f52795;1543853;2020-09-03 08:55:46;Receive;1457.99000121;18873.95056335
0781b5b575d0fb9d30b177e182ee9ef5522a2e326df85b6540aabce0e337d9f3;1543844;2020-09-03 08:48:01;Receive;1455.830016;17415.96056214
d6a2a297202ea2e4386f5ae0550ca9999c152e48e86e2dd5a64e9afc514d999b;1543839;2020-09-03 08:42:33;Receive;1451.51004561;15960.13054614
19bbb5f848ea7a7dccaab06a4eed1ffd8bc45f48bd82462e5b00aaf324e36ba9;1543839;2020-09-03 08:42:33;Receive;1453.67003081;14508.62050053
bc3a747c6eb1d57a0165fa88ec081af3666006a0a90c6e4bbd4bd5c55a67c874;1543836;2020-09-03 08:35:30;Receive;1453.67003081;13054.95046972
a610969ea28008baa1f7b68b4f2556f496471e82797aad4caefd5208e1932dc4;1543794;2020-09-03 07:59:00;Receive;1451.51004561;11601.28043891
5eed4fd47d0e7cc1c43aefd36dcd938f0190ed4097ba757eefc0c56a599f9875;1543791;2020-09-03 07:57:42;Receive;1457.99000121;10149.7703933
5b4d322b889957f73315d9a024f93f0176117bc468e76f5cfc0e9905936d5937;1543789;2020-09-03 07:55:25;Receive;1457.99000121;8691.78039209
02a0a96e72d2e387758808ae333606e60129d5b4fd2d8d55f816f2e04565e8a4;1543786;2020-09-03 07:50:42;Receive;1436.39014922;7233.79039088
865b18ff7d87aee109d37883c0f7e48028d2e4cb1ad9a3eee74a15475cc3e52b;1543786;2020-09-03 07:50:42;Receive;1457.99000121;5797.40024166
f489705c3c5831fd18ce8cfca2a308a74dd21bc864c3fd0792b38738338e9240;1543779;2020-09-03 07:44:45;Receive;1455.83001601;4339.41024045
1e984e8b2b77d13e227c705130c3d5e1ff281c9ff0fcac9a25ff09728789ef11;1543772;2020-09-03 07:35:20;Receive;1457.99000121;2883.58022444
125d1bd7f1ee46a8786d48bf18f68f2b61e8e298312afde05e731d8115f96a1a;1543761;2020-09-03 07:24:31;Receive;1425.59022323;1425.59022323
7dc04a8e447f5c40082f7e2154491eab54b78c49c1a0389e0539d895e5c834ae;1157187;2019-12-06 16:38:59;Send;-33681.72544524;0
a891f6e1611c8310934ce2722a9c66d3a1b6a2564810cd4c7d557aae9fc8e774;1082567;2019-10-15 14:24:34;Receive;1676.15036258;33681.72544524
54aa159682ea08e8290afc2896bda3bc02b88f8cf0eac20faba0d0b956a1a3e6;1082567;2019-10-15 14:24:34;Receive;1710.1701848;32005.57508266
8940391caab0d047fb78e9e60496ff63818bcb1b2eb9070b012df7c6a981c6eb;1082567;2019-10-15 14:24:34;Receive;1558.38798153;30295.40489786
7c64456315e85fafee6e94124c276802b6c6bc6deb1b80fe78c46fdc30d02953;1082564;2019-10-15 14:20:27;Receive;1653.47051073;28737.01691633
a70471cbe97748d05cc3ff69a04e83e8b272001e596c8684e6f94ba712113e96;1082564;2019-10-15 14:20:27;Receive;1673.45037739;27083.5464056
5fb188822e7ff1b3fc22458f27648e4a8ec13dbc6084e1b4f754896e72ea51a2;1082563;2019-10-15 14:19:03;Receive;1679.39036258;25410.09602821
6033262c3ee29562d65ad6ea6ddb8e24c1460b6b1ff83d4ae4792e5d60f4ee59;1082561;2019-10-15 14:18:50;Receive;1842.93516487;23730.70566563
3d62af251f81c2d9cd819ee6b3204f9c94fc73b8ec7b1a321995686d510dae8e;1082561;2019-10-15 14:18:50;Receive;1689.65030332;21887.77050076
6b4b4a8b942ce6945bace7f17fc845be49928c346978e900a695e08f755f72c6;1082560;2019-10-15 14:16:49;Receive;698.29024406;20198.12019744
6bf2bf5ca89328164c2c3cf6df47269fbd1e8b7cb3309840dac4a868e0c177d1;1082560;2019-10-15 14:16:49;Receive;1704.23021443;19499.82995338
072c2befd50a1f8445e026e706f01196508b2b4c142952e619a2293dec3692e6;1082560;2019-10-15 14:16:49;Receive;1700.99024406;17795.59973895
8a5a4da3c71739e2753c264741e6d2f5e63709b772c0769298cbce89e3d7fec7;1082559;2019-10-15 14:14:06;Receive;1709.0901848;16094.60949489
62ea5aa9d49f68243669d3f0ebd98f39d3959dfb911f7a38a499e54bb8716be7;1082559;2019-10-15 14:14:06;Receive;1708.01019961;14385.51931009
9bd847a2fea32266b61190fff8be8e4feae04ebb0d881fbb431acda23349f426;1082559;2019-10-15 14:14:06;Receive;1711.7901848;12677.50911048
a9541ca7975976f4acf9780f00e5395aff89197221bb044ccaec5c4fc983db22;1082559;2019-10-15 14:14:06;Receive;1724.21011073;10965.71892568
fd50a52be3e3a75a7efb5ccdc7ed4843603417dbc94b3e0db082fba0de359ad4;1082482;2019-10-15 12:51:11;Receive;1732.85006628;9241.50881495
d2b97800a373cd3134bf252eb9e950310a0068b8b6d144fb7329910206076d98;887291;2019-05-31 14:58:02;Send;-4945.09684159;7508.65874867
016afd0b67e049a437dfffea0d14e1487688e535ccaf86a318e538967d2f9bd7;887289;2019-05-31 14:55:23;Receive;1776.59024113;12453.75559026
44c480329fcd857123d4a135f20a8fc114a3eebea5573d1f04443cdfc5c549d0;887284;2019-05-31 14:50:58;Receive;1601.58652792;10677.16534913
cff199e6bb048a502320e8ae938415ca2437108dd1532e01d88bde748558ee62;881284;2019-05-27 09:30:39;Receive;1455.29200462;9075.57882121
1e2212e455fddab6c6e2096d30bfeb5f7e82713b255264f6a55e2bfcf1adf27f;881282;2019-05-27 09:28:31;Receive;1484.99184161;7620.28681659
8d1a644fdd17c53c2d9085df5236d5d3ecb5cf3c9fdb94ec130bf02584b9047c;881281;2019-05-27 09:28:17;Receive;1498.49176752;6135.29497498
16beb3284ecede5853e9000c6fc6e59e4224846c9f36d91218ac5eb8c0b00339;881280;2019-05-27 09:26:16;Receive;1528.19160451;4636.80320746
147f9df438890665e9dcce64017ee152c801baf4882d8a42f6554e0e219fa200;881277;2019-05-27 09:25:45;Receive;1541.69153041;3108.61160295
53cb64f4e353bd2886ee3adf24027771c8a60bfaf54079117a3619c58124e8a7;881272;2019-05-27 09:22:27;Receive;1566.92007254;1566.92007254
d75ced8e7b34dc50366053f80e647a5c2aa5d4b22e4de0cd6c6100c6c55d061b;785859;2019-03-21 09:29:02;Send;-4814.62974801;0
9ae927f38eab9896cb236ffa13fc573f85f6299477b21ae977bda74893079460;784397;2019-03-20 08:45:33;Receive;3048.8372277;4814.62974801
6dbaba3056ff424f2fbbb74270934f1008f98c9d73c47ab05d5b669365e70e94;784396;2019-03-20 08:43:19;Receive;1765.79252031;1765.79252031
60c6bede27077cff59f0557d063196afc31d93ef41e83ecfb9adee854761fba2;766123;2019-03-07 13:52:51;Send;-11486.14389967;0
8be09224e47c8778890679b666ef07d0eee7d6e026ebfe1a47934e2239bf9796;765583;2019-03-07 04:42:39;Receive;1621.1942794;11486.14389967
cab0d76a4f259ff270e4613227e8d4d15fdc454a8a759675fb1d01837c7e1831;765583;2019-03-07 04:42:39;Receive;6618.36107627;9864.94962027
44f374fab4a883cb8c810bbac6c86d525a1a377a4c01a33c7aac8368f7e3e49b;765579;2019-03-07 04:41:01;Receive;1591.794383;3246.588544
0b0f6ce95d4d096bc0617396d5d27c48afcdeb1adb98465312ccd789c2850d0a;765578;2019-03-07 04:40:08;Receive;1654.794161;1654.794161
070931e0c061ee5f0b1fe106df371bcc38471db9d093fdda0e492688f55490e6;739044;2019-02-16 13:54:19;Send;-55908.56375737;0
90c64f462abd39bd2923cafcdaaf1346f6cd9c2067fdbcffbaf1c68c31d2411e;738761;2019-02-16 09:04:19;Send;-0.000067;55908.56375737
19586a8ccb257e2aef7dd177c7d8b05a6db49be6acf6b4bf10d2140c025d1aa8;738761;2019-02-16 09:04:19;Receive;1885.3663576;55908.56382437
b9d6a466bd4148160f6a473e8d87cb6d89fad1d7f8098aee5d39c2bd198d506d;738759;2019-02-16 09:01:40;Receive;2360.39167377;54023.19746677
1421f8ddcbc011d7cf4ef69d52b083ce2219d80af1de8c12026084e064f8e965;738759;2019-02-16 09:01:40;Receive;2536.79105211;51662.805793
065d4cea6d30053605a58f2e16a256c3c18ecd200d3ba8402af7dd1a97c38223;738759;2019-02-16 09:01:40;Receive;2528.39108171;49126.01474089
d3c0d775d1881e972adeadb1f1200f0c39d465c1a40c9ca1f344ab654dab46e6;738759;2019-02-16 09:01:40;Receive;2561.9909633;46597.62365918
95c17ab3cfb3525426da31eb374110bd3a9c184b4da6c381b4f4e484a102a533;738758;2019-02-16 09:00:06;Receive;2570.3909337;44035.63269588
bfaa9d2c395f901800e7446a1df0763f5976262e6f945c239856f55577555d63;738757;2019-02-16 08:58:52;Receive;2557.7909781;41465.24176218
b169373a460ff2661724e1a78c6f6beea49c6d0e4c9c14c32ac0f5177505f545;645712;2018-12-13 03:29:34;Receive;2057.99273948;38907.45078408
208b1c4dc14456032ed2ba6566a3d35c2c8c6b9ebb19f8ed532d6551c3874325;645712;2018-12-13 03:29:34;Receive;1251.59558136;36849.4580446
811d3bb954168b4379e8b8151a71c7067b63397500117d2addeae51a52d7f92b;645712;2018-12-13 03:29:34;Receive;2085.99260907;35597.86246324
c6639f85b1bb8bc700fa7725b631c40c657a1698166003dba080ea02e211d4da;616192;2018-11-22 10:25:02;Receive;596.39789039;33511.86985417
f7287482d2fcd53e5288c3e21a86f7eed3e2bc1b800b9a2fd6d232381a46de45;616192;2018-11-22 10:25:02;Send;-1772.39374598;32915.47196378
00a1f8028d748306de06094ab8d6f9675edac6e330a2ded5fea22ce7f1b79c5e;616191;2018-11-22 10:23:44;Receive;2490.59121493;34687.86570976
373c0f63c9a9daa0a4f50edb2c052598603f9c1aded8c34ddbff3c5571453702;616188;2018-11-22 10:22:37;Receive;2561.9909633;32197.27449483
1b49798f05d6ca6e04b582279bca69823c16ea738477d96fe9542fa7914b1894;616188;2018-11-22 10:22:37;Receive;2515.79112612;29635.28353153
8525d91e596b3ebe952343e2f9e53fb5af5addac2f8f74348a62a2e907bfd7e7;616188;2018-11-22 10:22:37;Receive;2540.99103731;27119.49240541
5b2f27545974050fa167048332818b2d075aa7765079afcc4ebd28f6508d5678;616188;2018-11-22 10:22:37;Receive;2557.7909781;24578.5013681
783ec69972bb4911fa4252ac5aeb359fdd0927f285bbdf90b21d959996867747;616187;2018-11-22 10:17:20;Receive;1772.39374598;22020.71039
9c263d89063dd7ee37facd949b998807af598a3abba2710c483841bd9fce01f4;616185;2018-11-22 10:17:09;Receive;2540.99103731;20248.31664402
a85e2d347b3ea944b73d57f844faa52ba1554b63ec4ede191932524b3fce8657;616185;2018-11-22 10:17:09;Receive;2570.57899802;17707.32560671
4bc2d1a0f8d436342c14864e55c63699ae7b6115da3be8c8f6540ca19b7cb5fd;616185;2018-11-22 10:17:09;Receive;2377.19161457;15136.74660869
5995a97b7d95d2a00bead07da0ff483ecbce98a8b43eed8e8eca044f0cf75855;616185;2018-11-22 10:17:09;Receive;2561.9909633;12759.55499412
e36770e2cf4453c834050fce855aff3e46adc84664c8160bc418caee205f9c68;616185;2018-11-22 10:17:09;Receive;2557.7909781;10197.56403082
f69ed95aa3aed59ed9bd54f3e651d577f22cba6f6471687c5c95bbb02a9a74e0;616182;2018-11-22 10:13:11;Receive;2574.5909189;7639.77305272
69759ec71956adff15d67bed21c18161e9a4c19288fa26eba7a597b1c5e6d5b0;616179;2018-11-22 10:12:23;Receive;2536.79105211;5065.18213382
a09fd9ea3f36559377cbd10ce9a12f03de4bf6c27779bd29a3e0f66f09c373d0;616177;2018-11-22 10:10:59;Receive;2528.39108171;2528.39108171
2f008c6b933eb72657e23312bfffdd317866da9c8b94a8a748a9a2eb7da6b678;430768;2018-07-15 13:26:51;Send;-54981.37969671;0
b6f4aa6a8eaa0194c1b95befc41083b71950c904edf0034b7d9372ab45956b54;430762;2018-07-15 13:23:19;Receive;4995.37264453;54981.37969671
a2dc3e94de982d00aa6497782d4bf8ce1edd2a74b3973bdd11035e58d8710edd;430761;2018-07-15 13:22:25;Receive;1844.58677468;49986.00705218
80a063f63647edbbcbdbd0ed9f2a51117c3e1d9de2d523be12d86b0c52e37157;430759;2018-07-15 13:21:03;Receive;1906;48141.4202775
369a0e2cf12b56983ebf62b275118cc59af26fff8efb050a66364fa4ce8178e9;430759;2018-07-15 13:21:03;Receive;1865.63186919;46235.4202775
6b9fdf38aa3192f636efff5a0475cb48fdc1fe345ae40c200ade49f24c5b9acb;430759;2018-07-15 13:21:03;Receive;2385;44369.78840831
9901e1906403bedb69039db329fb7625738c2a862d46dea484443400ce0dfb97;430757;2018-07-15 13:19:31;Receive;1868;41984.78840831
d758563f9a8e98b77bc01f3f944548cdaa764313e041eecf2f5156be8179b32c;430757;2018-07-15 13:19:31;Receive;1877;40116.78840831
e7296d487d6d498de1fa0442181363f1a96a640fd6dfa341e39ca5c529f084c2;430757;2018-07-15 13:19:31;Receive;2401;38239.78840831
5f27a236543a876a87de5431e546457da6ba78719ec77f33440dabceaafdf1b7;430757;2018-07-15 13:19:31;Receive;2490;35838.78840831
1f2315d88a23b8a7ad3a136e958d1d4bd58fff16bb157820fdf67a154d31dffb;430756;2018-07-15 13:18:18;Receive;1793;33348.78840831
a1f3ecfa6942ee2b6303c616fb0135c0b1c542f35eeb5c7358189835e057f371;430756;2018-07-15 13:18:18;Receive;1818;31555.78840831
2836775f38daa33784a621fa94233cd32bf068c5e49d43fdd3ecb90a1aacc4b6;430756;2018-07-15 13:18:18;Receive;1898;29737.78840831
54ade7046399e1d3f1c728eb9b9781c75337a24868d29ff71114cbb1957a8891;430756;2018-07-15 13:18:18;Receive;2788;27839.78840831
f607c3068af7b0d9360132cd1a15ff8bb9a9c2b1ed940074cf84bc0abe14aa54;430755;2018-07-15 13:16:47;Receive;2711;25051.78840831
08c96ccb99d8f9738ccfb7bcc0e781e34e143b200b3a927b1d0fb1e73835ccd3;430755;2018-07-15 13:16:47;Receive;2729;22340.78840831
2a970b94e5289d4cc7fa71b3fd559b8d7af29c832e50b5667e83c39937812938;430754;2018-07-15 13:16:14;Receive;2725;19611.78840831
52576919b49a42e58de3541da5eb082e84961577de345738beedeb08f55d76d1;430754;2018-07-15 13:16:14;Receive;2692;16886.78840831
25214e885153c834bcd5a4204d69dc28d0110b385a6e4c2eff9081917d500722;430754;2018-07-15 13:16:14;Receive;2696;14194.78840831
5abcbf417d94d60c0a67cdaca7eadcf74a9c15a9daed8313184112ab02a4fa57;430754;2018-07-15 13:16:14;Receive;2767;11498.78840831
0ad43a8796f778c69230a3332cb5e6e849875af5f5fbeec04da5721f77e1e2a8;430754;2018-07-15 13:16:14;Receive;2742;8731.78840831
d304ae126a330efbe2851255de6ae8fad94e386987f1fab9f9932461480b73f7;430753;2018-07-15 13:14:13;Receive;2734;5989.78840831
4a10c73ed820eb9778fa3691a09295cb0613b1a206419887f89e436a3913bdee;430752;2018-07-15 13:13:31;Receive;2734;3255.78840831
40567667a0347dae441cd28e65ce761755571beab77a51c66debad589a41c82f;95837;2017-11-22 06:11:51;Receive;521.78840831;521.78840831
4aa3bbfdcd85db637032f489615341a935ff31414a661b9ae96a9030e97afd0c;95118;2017-11-21 18:01:13;Send;-224995.37348946;0
46c18157cb68f1bb3c45fecb9733c53de29ba160b1cb3a811af870492e98ccbf;94151;2017-11-21 01:44:00;Receive;224995.37348946;224995.37348946
