﻿sep=;
Transaction;Block;Date/Time;Type;Amount;Total
02bcf41eb85193a3865bfb9ff85fd6cb963ea0cb997a48000b05ce542e1f1ba8;2067270;2021-09-08 17:27:23;Send;-630;0
ff50a580bab80a28cf3309043c3a9589d74ff4b48102c5d3e581924acde36e40;2067267;2021-09-08 17:24:05;Send;-21000;630
fec60625927201a3583e1456e38aab89f1f8223beb16aa0c7c896252b83a46ba;2067267;2021-09-08 17:24:05;Receive;630;21630
8e308dd23c19b07c217d125a48fdd08c9772f6948ac2d9016b8c7553132aba35;2067266;2021-09-08 17:21:30;Receive;1000;21000
492e9a370458fe2e09a734ca7681ab894cbac672419f003dd2fe274799b51780;2067266;2021-09-08 17:21:30;Receive;1000;20000
d780b6b1af68918588852f842855c3670a96774608e6d953c3c12817ec9c640c;2067262;2021-09-08 17:19:51;Receive;1000;19000
996e6b1287427ade7c7c727d64e7962728f6661d8b558062f81dfe69ab0bd485;2067262;2021-09-08 17:19:51;Receive;1000;18000
8966eb0b538a8a847546cf6ac0f5813360d56eaece40d9765266b84fe95284e4;2067256;2021-09-08 17:17:29;Receive;1000;17000
26a216e14ed9094181dd3ad9e1b83896206955febabcd46ef686ce48a111b85f;2067256;2021-09-08 17:17:29;Receive;1000;16000
ad2b929aca7d7af3260cc11f1958ad4dfd28ad9b66091a4bf6bda8b602dac9b0;2067256;2021-09-08 17:17:29;Receive;1000;15000
680a42d510089bc2aea9231480911c4c45897896748650f2369bddaadc665e8b;2067256;2021-09-08 17:17:29;Receive;1000;14000
7c0148454b25a91e7bbc9e432e0e25144831279610f64fa5ced881953ad6a0b8;2067254;2021-09-08 17:15:24;Receive;1000;13000
df41ccdbdc866031b4f118c0c5b5e5125b4c0e2fe9f41fb2755f434f54b94448;2067254;2021-09-08 17:15:24;Receive;1000;12000
297d82b1006bdeae9b6904699a1260ab705de4a3d5152947ffb50196763dee4f;2067254;2021-09-08 17:15:24;Receive;1000;11000
ec319f03bd90d233c69f36f357266452884826171495b2a090a338b55cd0874a;2067253;2021-09-08 17:14:18;Receive;1000;10000
b0a0e1684b7de356722ab40f461a1e9985a83fbedff8b9a5b9deaf444f263b91;2067253;2021-09-08 17:14:18;Receive;1000;9000
5927455949526fb89d745db8511c7248cf089869587c47c006944aa6be88b759;2067246;2021-09-08 17:00:51;Receive;1000;8000
096e437f4c70541967ec5c044c8dd1d7dacac769378ed817ee728a1b0e3bb13f;2067243;2021-09-08 16:58:30;Receive;1000;7000
d2cc28b497a451c27b8aebe7cf4ccd287872d1b72a68c115171195e8c3ac7b40;2067238;2021-09-08 16:53:33;Receive;1000;6000
d7f66178058f8501ac912e4c295f4de8d58d3d3c4895c911a14e27b340d6b0df;2067237;2021-09-08 16:50:48;Receive;1000;5000
a60b108153f79ef7e9cf41ea3986e93bb3f35d558ce9945ced7caf7103a6fe31;2067232;2021-09-08 16:42:04;Receive;1000;4000
ee6dd653e7917c4421a662c53aa92e8bf7da31b9f9d3b09c9b9e35b7c8afa4d8;2067228;2021-09-08 16:38:33;Send;0;3000
c03a603838adc3dc7a3692915a460bc7408afcb8a0eec0835812b32387ba36d6;2067227;2021-09-08 16:36:48;Receive;1000;3000
9ba2bbd26b2fb7faf1c4f2a4485d294c6fd058aa3b65ecce7ded967c4df0dd26;2067226;2021-09-08 16:34:59;Receive;1000;2000
a786e6e02c9ec7c841b7bc3f981a890930aa32e11dbbfb3055288db5d4a5a958;2067225;2021-09-08 16:34:38;Receive;1000;1000
f151be361276e3abc63468dd29127781fe75330d51955f461fdd63856cf4ce5a;1931988;2021-06-04 13:15:50;Send;-4840;0
37fc416181a93b7fd8fecdfd412645ed965ebbb5b69d7c0435ab143bfd0e5114;1931981;2021-06-04 13:04:22;Receive;340;4840
880f5b6a2c2c2af7e10a176008220ce7e96351250c0683ad4eebf3fd53d6366d;1931980;2021-06-04 13:01:11;Receive;500;4500
366729ce3bd9089eb8cebfbec89ac57f263ad0b9d7ff8aacbfdf9e54ee5365cc;1931980;2021-06-04 13:01:11;Receive;500;4000
681f0f14fb02346af7a5421fafd354d8e76cbe8bfc3f99805dc32ecbf8383c3d;1931980;2021-06-04 13:01:11;Receive;500;3500
0b9caeda0841560b4fa0d41edb2fe7cf68a9281937a35cffffec45f9475133ac;1931980;2021-06-04 13:01:11;Receive;500;3000
8da7d891ddde028a0d788723fd43e09a6278561a66fa50c5f8eceac1ec64d019;1931980;2021-06-04 13:01:11;Receive;500;2500
394593be7c0fb6d53959897d82872082ab3aabc625dbec9cecbbe7364ab2a933;1931980;2021-06-04 13:01:11;Receive;500;2000
7c2df48f663fa60728632eb4286295f7845ae4e7b5a1d6202f2f5508e9b73ff2;1931980;2021-06-04 13:01:11;Receive;500;1500
0826344f39ae33e62504ad74e4b30f5c9dcd719add1cde1d0b87855ffd6b8321;1931980;2021-06-04 13:01:11;Receive;500;1000
8bf0dcb93d886f5ac70e4d65749a1e1561e6d7bd5231f4cd2f7f132e1ced05ac;1931980;2021-06-04 13:01:11;Receive;500;500
f2ce62331dc3a56a92ebe553922742f4d5c7ed2d15decb32e797c9d20bc7c71c;1888111;2021-05-04 09:21:44;Send;-3000;0
ac125c2e82651b0fd9fc7a6cd3e206933c174f83b4b09130f2260a0475be19df;1888110;2021-05-04 09:21:11;Send;0;3000
ba797c371a87ecebfd2a4f96d2ce2a3f74db505b6de9a7b6656b09a315e61eeb;1888110;2021-05-04 09:21:11;Receive;1000;3000
55885f30c6c23b73be6f640427379d7e0fec97b46488251f68045775076bfa0b;1888110;2021-05-04 09:21:11;Receive;1000;2000
050694c8b9a630ac9480e7550e8ae93e3aa19f47086a986992d3b6fc5858287d;1888109;2021-05-04 09:20:08;Receive;1000;1000
5b6feac827c4b758002058a95751b4d5f1bfef76fc997dba6e5be2dc76c1ad2a;1868329;2021-04-20 08:23:18;Send;-6211.3679208;0
d300e98e72847677fe4cc59dbcbacc029866e96980ccb7a17fd7dda3a0ba209d;1867496;2021-04-19 18:14:29;Stake;1.08;6211.3679208
e1fa1fe4d5151ea60291322b4d2741a5b39aa8d18a42f06595f3236410302eb1;1867400;2021-04-19 16:29:11;Stake;1.08;6210.2879208
d28263eabb21a39dd648c440b2d6bfda5eb5929f53331566cd22547c9ab24149;1863282;2021-04-16 18:33:02;Receive;5189.2079208;6209.2079208
da70dedd56de9c5be1ccd10b1453ed0f3485721c07d62aa79d54226cf858a610;1860123;2021-04-14 12:37:31;Receive;500;1020
ea70ea548ec700db794ad01e3814f6ae86d73ae4b7654dd9e37c52c0418d1fd5;1860123;2021-04-14 12:37:31;Receive;520;520
5e2b1f8986298bf3340136d619b7751f6eb79d215950293caabf1c8cbad6893b;1857531;2021-04-12 16:21:30;Send;-24300.59405941;0
191d7fcfe5323d4e99517abbe74f15504d30056e80d69086f6bee5cdec21a40c;1857383;2021-04-12 13:51:34;Receive;24300.59405941;24300.59405941
d22f88723ba1bf9105ba7b1cabaaefae317a4f5912f9a0e326dabe1b80ac7eaa;1844739;2021-04-03 14:30:42;Send;-7019.7029703;0
f7494e5b63a17d29411c3ff8bc963010db9734abc9ae865aaa57dc98b8675b35;1839273;2021-03-30 17:15:25;Receive;7019.7029703;7019.7029703
4678e0b1f7ea7b592ec561449e1aab0ccb3c55cb36b9778c7da4457934de8eec;1828048;2021-03-22 18:03:33;Send;-32590.39603961;0
b73b8ddbdea22ef37161f56ddd614ac88b0c7858076614bc7ffb01de2f95a569;1828009;2021-03-22 17:28:33;Receive;32590.39603961;32590.39603961
7a72ea9bd6cab79656d7d548d332cf061ac56f0348a00ff1dc6c7d2e83f1b650;1820762;2021-03-17 14:03:19;Send;-26832.24752476;0
e9fa0b9771ee295be54ff7929fd461ee1d0d5cba24a53734b290d6289a420e36;1820751;2021-03-17 13:49:10;Receive;26832.24752476;26832.24752476
bf50d146be8903b1087c294dae5988e495dfdd7435f1bd768b7a1dbf82d56c9c;1819215;2021-03-16 11:44:13;Send;-7700;0
b06acc545c27a4813cf23fc030355c06ba180ef92f7f4c2853164fa247231b59;1819212;2021-03-16 11:41:01;Send;-5500;7700
2c43425ea8a5b794eb1327d4380bbf6b538e2b4193e2893bb101615aa0da6eaa;1819212;2021-03-16 11:41:01;Send;-19325.98;13200
cfa383e3fa35fb918a0423b7b468dce7f4bc1eefecc7bbaa6b7e3a63f738c58d;1819212;2021-03-16 11:41:01;Send;-19325.99108911;32525.98
aba40e19b2c1096295fcc76c1d8cc0bb942756c4df5caabc6b46c9e434c4e60c;1819212;2021-03-16 11:41:01;Send;-27301.98019802;51851.97108911
b6bc84704c7ad59c2be97a59301c5383e710316860de9d63d717afec4ebc5ea5;1819208;2021-03-16 11:35:38;Send;-29093;79153.95128713
78c05091dd1c5a70a7af06b257cd30533776819c91321d4327e912329c541cc0;1819199;2021-03-16 11:25:40;Receive;1000;108246.95128713
8e08d564072f857cfb3e448dc59993d2ab94785c7f75b49f2af20ea846dfe9b2;1819199;2021-03-16 11:25:40;Receive;700;107246.95128713
19aab1c81018f3227d68e3c6bfa10a2f411763b41dec1ba65ecab639d05b23c7;1819199;2021-03-16 11:25:40;Receive;1000;106546.95128713
09a933924669dcee9ed3e1169cf505ddbfcf8de310d81c2ad6ebb7ab9b62881e;1819199;2021-03-16 11:25:40;Receive;1000;105546.95128713
264def9e63f4e0652a5246770df3ff7db18e5190dd8691d303b29f4c5fc8070a;1819199;2021-03-16 11:25:40;Receive;1000;104546.95128713
54e41d8a211865b713b6c82658c331bfff29b9c5f04020e5e204a11be40e9641;1819198;2021-03-16 11:22:25;Receive;1000;103546.95128713
973a3960506b24f46cf2dd1315eb354cf330e2d4c31d9845b98fbcba2d981c3a;1819197;2021-03-16 11:22:06;Receive;1000;102546.95128713
fbdeec61f00d82e6b772c62720033a698c4dab418e85a50940a21fee11f0bbdd;1819195;2021-03-16 11:21:08;Receive;1000;101546.95128713
2a7c45fdb418bf0d477933f712bc64d25c42ef6b34047568ef62fd7a997de903;1819195;2021-03-16 11:21:08;Receive;1000;100546.95128713
1a60f86bfb91c988579b398140e966df84d959a9136dc6cd2626fa116fd022bd;1819195;2021-03-16 11:21:08;Receive;1000;99546.95128713
6084deadf3ab78d90fa9b77bfa9d8a8a1b86da2953a477a9b93a789c469d7564;1819176;2021-03-16 11:02:59;Receive;1000;98546.95128713
50aaae82680223cfa10545ccf03f27bb953f06dcaf3a2003bb8c37a3dd6d03b7;1819171;2021-03-16 10:58:03;Receive;2500;97546.95128713
0b8a2c75a0d3d16ab1b4e441fd110f0b91b1919f98fa5d044101843a1bac26c3;1819150;2021-03-16 10:37:15;Receive;29093;95046.95128713
b235cb25e0b41f64febaf836fb2d80fe96bd4b678e5213c2b7022944d557957e;1818227;2021-03-15 18:46:40;Receive;27301.98019802;65953.95128713
691fbd1ab3fdbf109d301c74769d5c00531d972a03b8bcc0051565fc74e454f3;1817835;2021-03-15 12:04:46;Stake;1.08;38651.97108911
12f45ed3f7bd49ccd1ffcd54e43be62008dedf8a636563f6505de777944fe232;1813821;2021-03-12 15:44:56;Receive;38650.89108911;38650.89108911
2d816ed4edea4fa1fe0bd43dd9dfff0490ae1a3716ea7dd61c2d278a305716dc;1808240;2021-03-08 16:40:30;Send;-10488;0
f1a1fa8b5fbbbd9c80d36af1ba8ca9ccadba54bcfaa092ac6bc6396751cee3d1;1793863;2021-02-26 11:37:29;Receive;10488;10488
46d1e28b57aa3d5aef359835da03b82ddcbb39a0850daabb7c534390d1c9b551;1561222;2020-09-15 14:09:04;Send;-3380;0
86353c4f27cd787b1576443d13f4897613c49cf9007f26070186ac9cb83ef326;1561221;2020-09-15 14:08:52;Receive;1380;3380
7ab189874d668a1732561ef409835f45500310371d56293ce715595eab2a1514;1561219;2020-09-15 14:06:45;Receive;1000;2000
13c39d472db6ec3075053efe24585fd88a4e629b6068c8efd9570d31cad8db55;1561217;2020-09-15 14:06:00;Receive;1000;1000
73df2b6f6ad64df3632fd8a1ff4676dd1fa3a404cc0aa750342d14ebe868bf93;1561216;2020-09-15 14:03:03;Send;-17001.28712872;0
b61c6a4c990b23f2050192fd5941bf5406bed93fcca3cd6a4ad49e183ca1ec9e;1561212;2020-09-15 13:57:32;Receive;17001.28712872;17001.28712872
5efa529df7059b1954f86790c3945daf82fef8d09eb81576998b7bdc8a10f362;1514393;2020-08-13 15:42:42;Send;-3538;0
a07386aa73c6ed4f705e281d658f321d9eb0d98fffd8a32e84289c215841dc5f;1514391;2020-08-13 15:41:24;Receive;538;3538
bf3d448f83cabbc76d22c05053dec6cf86802f2b78ac489f3c956032f16a1e74;1514390;2020-08-13 15:39:56;Receive;1000;3000
3df6ef24fa269f46c4bb82bbfd865dadaefbac8bdfd352a76d5e856eb204259c;1514388;2020-08-13 15:37:29;Receive;1000;2000
6fc656c29dd96b296f01db698c7ee703cd57cde306829c4728562e13bedc7dc4;1514387;2020-08-13 15:35:09;Receive;1000;1000
48ac735d638471703cfa5296f68f56bbadb3067c6ed3f4300851be647c1596c3;1514384;2020-08-13 15:29:37;Send;-16553.66336634;0
4dc4b86eeac09d2f54b7cefb400c3ae4b439c570c7ab608a45da4774139b05b5;1514382;2020-08-13 15:28:28;Receive;16553.66336634;16553.66336634
ac6fdb34b01a2310a40c9c2bd020f673ab21eefd08ed2ed389d60e00ef5161c8;1513909;2020-08-13 07:30:26;Send;-30275.34653465;0
fb862e35d3b72fb6fc722a50514700cd4ce75fc25760d124fd1ed082964adba8;1513896;2020-08-13 07:17:54;Receive;30275.34653465;30275.34653465
a953492d4156f3bad7184616afb7e6252cf97f057bcd7eac39c5cb4274835c43;1439908;2020-06-22 06:55:39;Send;-34843.09155493;0
6190fc0f00e059a90b8db4b85b70e0714225f6ec05cf718f70361d18771dbd00;1437508;2020-06-20 14:15:52;Receive;34843.09155493;34843.09155493
f659af73583851cbc7e2608621506fad38c601342573c9cc92bebb14fa189e95;1431377;2020-06-16 06:48:25;Send;-10152.2;0
83fcd4070a17ac0bb88c5fc32914071fd3f10e5bfc515c85604e5e537f30be3a;1374767;2020-05-07 10:45:19;Receive;10152.2;10152.2
c092647861aa7449c1819052060eca8bc878f82f1539c0324341a138de106023;1366396;2020-05-01 13:17:27;Send;-7583.5;0
669b788f427c5553f7bbb9da0531953c3010a29b7dc1e90dbcd7de0be828a09f;1366361;2020-05-01 12:44:49;Receive;7583.5;7583.5
4a7862a4b1e1e6c3fc35b98a50ae3ef735724b12b5b460a6b6a280a0c8a488d7;1366149;2020-05-01 09:07:10;Send;-4188.46073969;0
4fbc9455b74d9c9e4af38906e831cc2ae5ea0a54e0c646fc7a53b39eab0a9987;1366147;2020-05-01 09:06:12;Send;-15699.7;4188.46073969
125cab4cc426b8b1e7b247b341c5f5d002765e1dabdc2c537d121b1c70767e26;1364642;2020-04-30 07:44:48;Receive;4188.46073969;19888.16073969
d3bd0fe0cd7a9dbda17558eca705bfdac5eeafc4b89a69c51541718259a66dc5;1363665;2020-04-29 15:14:46;Receive;15699.7;15699.7
3da97d4eea70b17253f9856765859842e725b14d09c40da32effac326c1de414;1357787;2020-04-25 11:56:26;Send;-18024.1879611;0
f9532837723c67fd424bf20d98d63389d25673d96c1b006a9761d890b45b2f15;1357784;2020-04-25 11:54:29;Send;-40714.1;18024.1879611
b8c24755e595e12ca1fb959e0f718621c551ba8c7ed93cc9980ad75efce97890;1356381;2020-04-24 12:07:04;Receive;40714.1;58738.2879611
def82cedeed415de2f1a685ff5767e72b97aad88cf7eaab6f3a7fc50fa9ff45d;1353550;2020-04-22 12:32:33;Receive;8590.53148672;18024.1879611
5b8be8b68828dde2f03f1fea3c202a7e1c2e34e0fe5127e9b9d252830fa02929;1350464;2020-04-20 08:21:56;Receive;9433.65647438;9433.65647438
c3ff944ce5815d29fe74f1a02d69ec5d54dc9fa2ce643f326f654dede4a01239;1347924;2020-04-18 13:27:40;Send;-16258.74025874;0
182e85610868b5618b491bf9a59a2ca016a72ddabd1332acaeca9aea7b4a6514;1347905;2020-04-18 13:09:18;Receive;16258.74025874;16258.74025874
a9663e6478bb25e20e9cb82bb38b045dc4734af58988d5117b2009dd3dc5b42d;1334827;2020-04-09 09:25:54;Send;-4996.44393554;0
9f3fc5b55ee9260d8d7be2d8ca84ee50c27ad7797761eebc5af120ff0dc51b1b;1332374;2020-04-07 16:17:03;Stake;1.43994054;4996.44393554
be985107d5ffb2c5e93f6521842e8347afe3a29873ee705b1023c5e7de881223;1331940;2020-04-07 08:48:29;Receive;4995.003995;4995.003995
f2771de588af6d67f899ddb70261d620de3ffffa7ed296cc35e0725fd0e56c8d;1326657;2020-04-03 16:13:21;Send;-2767.29;0
eabe6f5c4142eddc08c97ae2184e39c05306933d1ca64c0738eb6304743a3d2b;1325105;2020-04-02 14:06:30;Send;-2765.1499408;2767.29
981b44c4b1280f4b5b913b2aa261a71e8b0a681a0ed0846bf4c4ae39dd622d67;1316718;2020-03-27 16:49:02;Stake;1.4399408;5532.4399408
4e030ea49b99631b277a458f1e091e4fc99d2066ba8cade6f4934a3de78efdba;1313604;2020-03-25 12:09:48;Receive;5531;5531
52a8bdc3364044bf40c275c9ef4fe000c458d21a8d4c8fc9f84d404ef68d0ffe;1310871;2020-03-23 14:03:44;Send;-11612.59334236;0
99bd0f674dc971e1a74c7c98d650bf51a493f836113cf78f45a7e13387d745b4;1310866;2020-03-23 13:59:03;Receive;11612.59334236;11612.59334236
c11f05ba95977880fa6b7214be55b70ae5aa16b163b713e1b1e800a9f67b3bd8;1293862;2020-03-11 15:53:05;Send;-1246.65234665;0
613c6cd56973a8b3aefa9d6a1ca9632af00a9df5fd6e58b7e41f6c0b9cc5ddda;1293827;2020-03-11 15:13:11;Receive;1246.65234665;1246.65234665
71061339f15922680021353a1e54f49e744f42c4ce6c4f404980f899875f5621;1256382;2020-02-14 09:02:10;Send;-7199.98065681;0
00ee8dd481c64acd031e3aa062efdfe273dc0b5f77f3cda5b79098b7421cec28;1256375;2020-02-14 08:56:49;Receive;7199.98065681;7199.98065681
3d544352d1ce69ec3a3e98cf4f093539bee4d15e7394347750e605463c9d2360;1066576;2019-10-04 08:49:23;Send;-1000;0
7b021b94a0b0d74da9a37328063d90d6347b189aa38104ed3c341e7bf39899ae;1027213;2019-09-06 17:29:13;Receive;1000;1000
c1b89e440f36fd277ac8ae512783787bf2e324d4a8b052746477c9dbb8a985c2;1027030;2019-09-06 14:15:53;Send;-1884.504981;0
792f8139eff7d0186fc3464b1ace1050407827913dc6594e7f47265830cf8429;1027027;2019-09-06 14:14:24;Receive;1884.504981;1884.504981
