﻿sep=;
Transaction;Block;Date/Time;Type;Amount;Total
b34d9ad0f26743ce0a7775bde711f857100748f9cb4924797ecc004f6ddd3336;1768606;2021-02-08 13:27:00;Receive;1017.35302071;34283.26450059
c5c79e5a28367cb94f4c7d439a9fc5c26ff7a70d1b6157aa46e4e8171a43fdbf;1768604;2021-02-08 13:25:31;Receive;1062.7119698;33265.91147988
ad4669d51554b6e96d3e16ca95c75a3439389d69771617a951aae02d21210ff8;1768604;2021-02-08 13:25:31;Receive;1087.55254706;32203.19951008
0afa9347c02b40df95a5556fbf9dbf39e05597958f2ce05a8823a073977705f6;1768602;2021-02-08 13:23:07;Receive;1197.17048965;31115.64696302
407b7057beed0326a5d5ff67d083b9a10d8e42864054873c88aaba5d16edb255;1768601;2021-02-08 13:21:37;Stake;1.08;29918.47647337
d82dbc9d697aba3873b715366f43b762b564f5c6fbd35377300361b9ffd0a54a;1768585;2021-02-08 13:09:39;Receive;1192.31125933;29917.39647337
93c885e136c544a17ff58e28fec221e4355c159cbbc1c886ec20deda26d35396;1768578;2021-02-08 13:03:53;Stake;1.08;28725.08521404
b8c4e59509c438b44617df0bef7d65d19b2fd110c012673525bea26c2fd6aad2;1767161;2021-02-07 13:03:47;Receive;1021.67276908;28724.00521404
b77126339233cae4e9ddf0cedb5169fb7508704b1e49a4abd6cd92de89261e5b;1767159;2021-02-07 13:02:27;Receive;1196.09149615;27702.33244496
40d355042b99abe3479d7a91ef6eb68c823622c0f87b3b1e3251ada9c4641b49;1767156;2021-02-07 12:56:23;Receive;1198.25112612;26506.24094881
031860d8a2eb02475a93872f152f7c27bf2343487bfa48985916754ab5cc57e9;1767143;2021-02-07 12:41:38;Receive;1184.75120013;25307.98982269
a7786226394b796684d49c441754685e180088f2c526f236c593c221dd98a98c;1767109;2021-02-07 12:04:00;Receive;1197.17053406;24123.23862256
27137696a42db058e97302f4748af34c3683df52b6aa4bb527a2f2645db64e62;1767091;2021-02-07 11:50:40;Receive;1197.71088929;22926.0680885
d2908701acac76eba1405cb1ff543581e4921af4f3e8200dde7b6a1f58f51431;1767081;2021-02-07 11:40:35;Receive;1199.87105211;21728.35719921
2b21af1fb0d402c3ab25964fe8cd8af003503ce689f9adf1ffb019a8f7037200;1767071;2021-02-07 11:27:28;Receive;1199.33081529;20528.4861471
1afde6c3b8e325d24e580c596dfd1ecb0f0daec088a1b18b1ea65591a1cb54e7;1767064;2021-02-07 11:20:27;Receive;1197.17106691;19329.15533181
b08a2252e476aa7cef38a407e3ddeaf9d558c17c1afe046533ea9db273a966c4;1764428;2021-02-05 14:30:38;Receive;1274.93003081;18131.9842649
8cc0c735c9a9210e94fd0c82fa861341a4a1709e68218e6d6288c39b5e111fc6;1764414;2021-02-05 14:21:39;Receive;1268.99004561;16857.05423409
6b00be0f1afc3adad5c2e21fc0d594dbcded32e907f7bb14d734dbf878fabbf7;1764404;2021-02-05 14:12:36;Receive;1278.17122973;15588.06418848
340eb18eb671e646d908862bd243f721d4cfd912a6ecd30f43674647a83de01f;1764404;2021-02-05 14:12:36;Receive;1266.29074128;14309.89295875
1c7af303dc8a22bac15f2e7b3d8130337f169b95d82930d289f647ab3be905f1;1764402;2021-02-05 14:10:21;Receive;1284.65053406;13043.60221747
608c8ad179222997134920df83114ab2f62f94071275356a6862c2761f6c74fa;1764398;2021-02-05 14:02:21;Receive;1271.69010482;11758.95168341
bdd2cc24fd8660a666375dffb19c66505ba707c7b77c0f01b306364259f61c08;1764398;2021-02-05 14:02:21;Receive;1285.19014922;10487.26157859
14d6c028b1d8435ade2f3593d2aed2580c9c2e9ce8adb588cf26bc853076f332;1764391;2021-02-05 13:51:53;Receive;1299.77037124;9202.07142937
00e8f6e46ebfc5858660a4cd7ac988454fc7e0711f4fcf37f6e10e2a5d4a1208;1764375;2021-02-05 13:40:57;Receive;1293.83025283;7902.30105813
7d81051262934878e452e68b1d8ab88b0f14f58b39da69ef3ca45f44d9d4dc37;1764365;2021-02-05 13:27:29;Receive;1268.45003081;6608.4708053
31faf891accf56026ff6a49146ddd2c12efd4f0d9549cff8ca590a110d9373f2;1712241;2020-12-31 03:38:48;Stake;1.0799408;5340.02077449
b0b38efea0fd36b47afca8d3b39910924692b89cb997b21bf4d1eb08d6284213;1682153;2020-12-09 15:57:30;Receive;1331.63009001;5338.94083369
50292bd737364231ee8ea582e00f9175de3e41d300d9d993e83bb75c15fb0a16;1682145;2020-12-09 15:44:54;Receive;1338.65017882;4007.31074368
ed193d4052a16622dc9de12a20ce7178d58c4b33080b5ee2006580bb8baed166;1682133;2020-12-09 15:38:09;Receive;1337.03017882;2668.66056486
6c9511a085dec81e2722e813ce293f82733b21a2cd9ed1bc8f411f0b48ae33c6;1677999;2020-12-06 17:45:48;Receive;1331.63038604;1331.63038604
597e8b64a80d67df1d42f4ac60ad4ea86892771573e145bd0550ebe30b1a4055;1677985;2020-12-06 17:29:23;Send;-25796.95252159;0
fc04634ac8c0645d43fbc024ac2a838e490a0b864cfd6a74d35e52b0950115e1;1159710;2019-12-08 11:11:11;Send;-6600.02260352;25796.95252159
7a7188bb55e4fdc09689d21cd2fcf27ba8aad41d37bec058cd3abeac63be5f16;1159708;2019-12-08 11:08:38;Receive;1216.07165897;32396.97512511
53c206b1497c88b8c421ec3667f45cf40090279e30f93a220a4d2266af365910;1159707;2019-12-08 11:07:52;Receive;1220.39162937;31180.90346614
d0ec65e35b7da3a77d88a82222d40c777db3c55fa4cf783ced9dc5c4119bcdbb;1159707;2019-12-08 11:07:52;Receive;1241.99148135;29960.51183677
1625a3a6a85eb5845e37e4a3b1b47b2b74de1feedf48f9d4ea760ccf89f44e09;1159706;2019-12-08 11:05:42;Receive;1270.07128893;28718.52035542
1e93df839d3010576c586dad007dd2c32b3f1def80ae01564423900cac544827;1159706;2019-12-08 11:05:42;Receive;1257.11137774;27448.44906649
d982f9824eeff0701dd8a02ca1787ad610bba6fce11ec9bb23b00d3526884364;1082465;2019-10-15 12:32:59;Receive;411.88286435;26191.33768875
269da9d09083344254ee711ccef4c8737fd570dc2b3077bcb383b278c9af8873;1082464;2019-10-15 12:32:57;Receive;1711.7901848;25779.4548244
8aebf4aa39aa2a51662d172f78de8a68499f9439d45160b61691fee7c5f53858;1082463;2019-10-15 12:31:43;Receive;1701.53024406;24067.6646396
e05d1a66b3a8e3db4f786054cad127cee4d80f8ee6f92d9c2a6dacf460df23b2;1082463;2019-10-15 12:31:43;Receive;1726.37011073;22366.13439554
8dfcffd5a4b47de5d193edf58cba7aa56d61eb78e81d55acb4fb436d7347ac6c;1082462;2019-10-15 12:30:11;Receive;1706.93021443;20639.76428481
77e62c7a72c847b6a3ece793512d0323dbaddeebfecef9d5d657c8b60907cb46;1082461;2019-10-15 12:29:43;Receive;1715.03016998;18932.83407038
87aad729038dd0913826b60f46d136fd5d31cd9edcf941051d98e161b970c0a6;1082461;2019-10-15 12:29:43;Receive;1722.59012554;17217.8039004
6bc66c10f1d91a8ab05e39bd2ab6d793420e6eefbd65673ae7a96b545a5c028c;1082461;2019-10-15 12:29:43;Receive;1749.58996258;15495.21377486
4ad2f7d973bcb63b863a8b660fbdbf869535212a9c8e3c5628b9b05db927e7f2;1082461;2019-10-15 12:29:43;Receive;1727.9900811;13745.62381228
0ca925d36c77226aa6cca4262e39d5b5841c11457488aa2babc51829700a753a;1082461;2019-10-15 12:29:43;Receive;1737.71003665;12017.63373118
bf444e944431f6ac5db2a3b553938576b670c3afbae13dc694db9c4c9d869ff6;1082460;2019-10-15 12:26:39;Receive;1742.57000702;10279.92369453
a620ab1f324b2343bb5e3d1443446f4cc6980bdf907fe465c72fdd68b85509a0;884274;2019-05-29 12:00:39;Receive;1405.79237511;8537.35368751
ed5f24e8f62196fedcb931bd720e331b9ee78d5eb7fb8ecd6d1ba1f46cb22ab3;884274;2019-05-29 12:00:39;Send;-3090.28629882;7131.5613124
21ae7022292b18dafc9d2c20155834e7cb310a70366ea04930c5657cbb9aa425;884272;2019-05-29 11:58:16;Receive;1399.19241956;10221.84761122
9b6a62a97e4cd82523669502ffe58b8b7f2b1173cc5348312d15f93ccf062eb5;884271;2019-05-29 11:56:25;Receive;1406.99236029;8822.65519166
e5840df3bd91f20c45e38526e4d9fda14d2a97cf55dc265aa70df59cc7c2b68b;884270;2019-05-29 11:55:57;Receive;1430.09224173;7415.66283137
2f600881bbcd9b8f7a9de0a9e1f41d6a9b83bba678c815ee67c77b1f343147c2;884269;2019-05-29 11:55:51;Receive;1440.89218246;5985.57058964
a9eb2e6b6d73efc46663b978e3c5eaae0a44e16656a64b5bc9a9791051acf418;884268;2019-05-29 11:54:21;Receive;1454.39210836;4544.67840718
788d825ff5bec13f76eb24963d62b8c4eab3979d639fef3d2eb61391803dd40f;884265;2019-05-29 11:52:50;Receive;1473.29200462;3090.28629882
b68bb65ce246082b94046a67629cf17f722458ac76f969ea98ecbcc84964b745;773037;2019-03-12 09:32:52;Send;-11872.26616813;1616.9942942
d2ae61ce877a88dd8379d5a3e102aad28a46b188fbe1a694e9de385fd05522a2;773034;2019-03-12 09:28:25;Receive;8663.47749093;13489.26046233
0c233d6e2e2abae2e39a04d3db1d429e2d7a5b479c33144a60e37a52f5a404a3;773032;2019-03-12 09:25:03;Receive;1616.9942942;4825.7829714
fcd01a8abc8857617e74881ae12a743d9f3fcef889c59b68892f329b0858030f;773030;2019-03-12 09:24:11;Receive;1629.5942498;3208.7886772
217696110a336986d4730f2807697adb702b01c74d8dd55b055483ac7bc8f39d;773029;2019-03-12 09:23:25;Receive;1579.1944274;1579.1944274
8556c9762b6c461d59b3b98c7d5ffe60331630f46e58d1f53b3bd87d43311f6e;739073;2019-02-16 14:24:30;Send;-38440.87842493;0
502a8cc227886fccc3b018c77825f33fb8742fde6b18018e899c68ecd264d704;738753;2019-02-16 08:55:11;Receive;1220.60972037;38440.87842493
e2f1325fcdbd00567f9357dc9e61c34462040fcdc58e97dec2bbd7e9d22f4b97;738752;2019-02-16 08:54:18;Receive;1906.79327233;37220.26870456
6ae666ebef464412ad53c69338a179b7180fd5af34f663d0d6c343a1fe1abd06;738752;2019-02-16 08:54:18;Receive;2511.59114092;35313.47543223
e455610191d0ddc6190029f55c615319e02accb6b875157a8f3be3506a536a39;738751;2019-02-16 08:52:23;Receive;1902.59328713;32801.88429131
7f7734605eee92e32e506815ae6a4a403460398f1ee9785444b3e64eb22fb887;738750;2019-02-16 08:52:43;Receive;1931.99318352;30899.29100418
3244f54605f83e5192b1d9283d5ada31bda075aa5e0a48e76063ef80f6c2a367;738749;2019-02-16 08:51:41;Receive;1894.19331674;28967.29782066
aacc0628bc21e4473cb19201c75caff34577f0ffaf5a71890603d71cddda99c8;738749;2019-02-16 08:51:41;Receive;1898.39330194;27073.10450392
eadceb2599daa16b7be6ae20754e9fe6cf169f28ae77b6a06ea104e6f04c4bec;645687;2018-12-13 03:04:26;Receive;1814.39359796;25174.71120198
ce8475d6747184f2a9487ccf21d2611d4be82fa1cc820443246e96de3c916e71;645686;2018-12-13 03:03:45;Receive;2007.5929171;23360.31760402
b700298c640d46cc3fb7c22450471261b2f3ac57d2d95958c7215cf7165e72c1;619524;2018-11-24 18:38:43;Send;-5220.58158616;21352.72468692
c92088010e3480672e41e2a004e5c37d23f32cc1f1b237bacd4c0dc3c3c08cfb;617217;2018-11-23 03:45:03;Receive;2658.59062287;26573.30627308
998bb0a442622f7e2a979bd6d1d008935cea39ab8f0f3e50530624c2b11d8ff2;617217;2018-11-23 03:45:03;Receive;2784.59017882;23914.71565021
20f784b0bcc063f8b24ef0803c5d6bbe0c11e3534112a225d76c8ddc180c4828;617216;2018-11-23 03:43:34;Receive;2654.39063767;21130.12547139
4d4bb11eb096c7826ca3da5121810b574790b01e6f8f1b157d58eddbc7b19f65;617215;2018-11-23 03:43:14;Receive;2633.39071168;18475.73483372
4386a9e290846c48188058964e40371994387add542d16d54ae9e74319a67850;617215;2018-11-23 03:43:14;Receive;2582.99088929;15842.34412204
2ee2d7f1c81556d6b0763e5f5f26bc5ddc088d1c74b81ce7978a27c1ecf00a48;617215;2018-11-23 03:43:14;Receive;2654.39063767;13259.35323275
fafccd0eb74a8b0115849ce315bb2b5344e4862be1eb683a85d885bb5f2f2f88;617215;2018-11-23 03:43:14;Receive;2658.59062287;10604.96259508
4008aff535d8efd26e08c932f4f20f07f6384f17d0167c3ca3c9b48db80622dd;617215;2018-11-23 03:43:14;Receive;2654.39063767;7946.37197221
b8f76d66e0dd2a70f79a195d26330e190bc6c40adc510a11558ade290988aef5;617215;2018-11-23 03:43:14;Receive;2654.39063767;5291.98133454
2643de78d0ba77c3997572cb97a37c58666c4d95743ef9a5b317f71276b2f11c;617214;2018-11-23 03:39:41;Receive;2637.59069687;2637.59069687
a889b282e2b627f58fe1eab34d3b8aa451cfae3b434ce90101044a98677e4985;430746;2018-07-15 13:09:26;Send;-21050.02846133;0
2f434c72f0d42a9f81cc5ae8f868bdf12e4360ae3526a68338f5325c3129c280;430743;2018-07-15 13:06:28;Receive;10735.02846133;21050.02846133
d344a32b0b4fc911d1b16058c9daf994712482445851811079bc319a8a4c56ce;430742;2018-07-15 13:04:28;Send;-10731;10315
2370e1145b4b908341c6a60c10664c635caaf5b623c7dc880ae34606280bb2e7;430742;2018-07-15 13:04:28;Receive;2700;21046
bd7a955a6935b252aa6df0fe7ce0c277719ff0826349bce75cee570599d83cb2;430742;2018-07-15 13:04:28;Receive;2696;18346
7ea3b210c2e0be945798d20c95afbf4250cd2da68b54f01d5713acb588020679;430742;2018-07-15 13:04:28;Receive;2419;15650
07f3d5c33930aeaaf4d62432b6963cc83791ccda1891de80fdd9fcd94adb2224;430738;2018-07-15 13:00:15;Receive;2717;13231
99c18f0c9db703c8b8b9588cdb6d8903f3d306248cd9ac8311193ff5333aaed9;430738;2018-07-15 13:00:15;Receive;2784;10514
86a43b6e34dfd419adb4aec8e12d587f78107dc2d423e49e5033c4712c1683af;430737;2018-07-15 12:58:34;Receive;2692;7730
af7cafc92c6b477698eea4714824bf9b73db52ca59851a5474991005d42c4a56;430737;2018-07-15 12:58:34;Receive;2603;5038
c05556a369b2ad1d927533b08bfb9a3fffd1a2661c183b0069c38e91a9e69df4;430737;2018-07-15 12:58:34;Receive;2435;2435
7637dce750678557572f49c0796571c8733222f61e4467ba7f6d81cdb9f90d4d;94833;2017-11-21 13:18:48;Send;-528.6898942;0
8e6e9da8957de969de45fa245096395df5907020d97d0af48b8647c91cc4180f;94831;2017-11-21 13:16:35;Send;-171572.0815353;528.6898942
fc451a4c2374d274caaaf5c940ec5adc194ef8a5ce3b19ff4f8eef47f49d8a22;94544;2017-11-21 08:22:11;Receive;528.6898942;172100.7714295
5a41be497204363aacd1103e08fb49307558fe2d513eb90fba6798319cf0ff93;94532;2017-11-21 08:13:11;Receive;171572.0815353;171572.0815353
