﻿sep=;
Transaction;Block;Date/Time;Type;Amount;Total
94b6f4df3219c3273d32fc555093d4357df0298808857b49891b85376c9fc249;1837555;2021-03-29 12:04:51;Send;-17386.37;0
5733e41ebeabb343866d8c4298811cb9dffed65a9b1ef74c5900a9141baf2638;1837350;2021-03-29 08:38:44;Stake;1.08;17386.37
c72cff74d2e566fcd829fb996d79be3e7f576db50ab7572d071e5548fe44b3f4;1837016;2021-03-29 02:57:56;Send;-100;17385.29
fffd64c899d900fcef5099d9eb8ce2fdc916a2eca1b8d9dc8a031fe74b11a93b;1836714;2021-03-28 21:45:45;Stake;1.08;17485.29
f799c7f74084458dcdcd8eed29ed60d8d2fb3b3108e5d169b1582195aa822405;1836629;2021-03-28 20:16:56;Stake;1.08;17484.21
de87774ff53b34ae736e9565a5556e38677659a67529e7a609031717054be59a;1836344;2021-03-28 15:27:20;Send;-934.34;17483.13
415cef5bf2d2cd623628674b1d254491dea4061c9d68a0b0c93ac23279787966;1836179;2021-03-28 12:42:21;Stake;1.08;18417.47
5a42c2d1c665171c733abe441d70c8f23e8d12682f4d3c11d4c21c9f50010190;1835844;2021-03-28 07:00:24;Stake;1.08;18416.39
fa36c9030c91e56a06d5b42fa3bba53d98d9afae01944cd69642c1de32e2146d;1835807;2021-03-28 06:25:39;Stake;1.08;18415.31
49eac4092beaf84dd4320263f108f640795c4df318186b098e61f46f4f3cea81;1835207;2021-03-27 20:10:39;Send;-930.02;18414.23
cf8759185d33a3755d82f822b55b0c6ffa517db3d209dc777606a8d529ac9863;1835047;2021-03-27 17:15:42;Stake;1.08;19344.25
7c5bbf7ec9074295fe1761660bca8595caac1813c8e29b4e6cf4ccdab2bb4937;1835007;2021-03-27 16:39:14;Stake;1.08;19343.17
eb46888bcf4f19d3b042b4078a95bf280b7a5e70c6628e7b9980663063daf5be;1834905;2021-03-27 14:58:06;Stake;1.08;19342.09
290e4ff55ced414cc8da398e3b5c4d8d54e3a5cfeb988fc69a04489a62a3d0c5;1834609;2021-03-27 10:01:13;Stake;1.08;19341.01
73a4274b77ccdc77c1db8b202ead455def76e239439fbfa934f7f33805f9779e;1834521;2021-03-27 08:28:22;Stake;1.08;19339.93
8f23bd1306957a6d220d246a749b9b23e0b23035edea7062e5c05548e9da85dd;1834496;2021-03-27 08:00:29;Stake;1.08;19338.85
8e1a0c8f8ec863f4fdc46e4b3fa794d67086abe109ef3df5bc4ac66e16b721f7;1834375;2021-03-27 06:00:18;Stake;1.08;19337.77
f534c0efbffe0938f5a24096f87d8a03a47c9778e85dfddbe0d2fc920a38e26f;1834267;2021-03-27 04:12:41;Stake;1.08;19336.69
a9f4eea43d9cecee4627e7b3de2da0491bbcb0a4f2900b98a2dbd297d956d1e4;1834256;2021-03-27 04:02:52;Stake;1.08;19335.61
be4380ab8fca6779572bde16da53ce4770daa8fa1fa57a08ecdd817724fceee4;1834226;2021-03-27 03:27:39;Stake;1.08;19334.53
b4ddd90d5a6b3c224bcb5a995c5cc9bd610723d30080280ad671275e1beaa511;1834116;2021-03-27 01:32:09;Send;-930.02;19333.45
603f693d83c1a526dc45d3cfef637f3489bf65f785c31aacc2172b15e5fe1475;1833887;2021-03-26 21:46:40;Stake;1.08;20263.47
8337f89292399f477ae4610a674e053292c9817e7968a33b3599f06aec45f8af;1833869;2021-03-26 21:30:27;Stake;1.08;20262.39
9ff358ae7cf56da339dacd1956d93642acf8106733e41b8b860a66b7318a71c3;1833741;2021-03-26 19:07:22;Stake;1.08;20261.31
a6af44e0f452ca3cd86da178df7854c4f8ce42c316d212f80f666d5494fb6d24;1833524;2021-03-26 15:31:16;Stake;1.08;20260.23
580928e0f82c77501a6810a44b5a887183d1865fc548f260102649355dc92e28;1833337;2021-03-26 12:08:42;Stake;1.08;20259.15
4455662fe69ea0d553fbbdce2af6393e11cf039b287989c71a68bbc5be265502;1833129;2021-03-26 08:42:02;Stake;1.08;20258.07
0b4cacf66a47e8eeb20162bfcf3238cf15f7691a0eceb86daebc4cd673691c5a;1833050;2021-03-26 07:27:45;Stake;1.08;20256.99
3803aeaa434daa87cf21a4509a1fcaf6b073222282bf8ac154f4d7de134290d4;1833044;2021-03-26 07:22:05;Stake;1.08;20255.91
0c8ca8736f41206081a3458374b2825645d222c98b7633457c07573ba82879ed;1832813;2021-03-26 03:14:14;Stake;1.08;20254.83
fe5b06125d15bc1b767fce521b18e558f38758fdf2e2b16d4d22a428840e77c9;1832762;2021-03-26 02:29:32;Send;-928.94;20253.75
06e1bcc697c7975cde314d0e963bf27c1b3502039544d2f804c52fe8fd0a0c2f;1832524;2021-03-25 22:25:05;Stake;1.08;21182.69
6218ddda3799301fa94a6ab4230370786490dcf424dcc438c8422b082a3e7fd7;1832415;2021-03-25 20:28:19;Stake;1.08;21181.61
a6d1e5c1edfb2ce82b80e0bff921cb9f89c6439d12c63fc452575195a2f3935c;1832373;2021-03-25 19:56:41;Send;-927.86;21180.53
7192211a8b7f7854c8761dd1fc1fb028b6beb3950f6b4c13e44b5afa94d1fcfd;1832001;2021-03-25 13:33:27;Stake;1.08;22108.39
8cea854894828ed51ad98d4f4121f3544aaba8ddeb7e28ea785e62c0c1ef2f97;1831997;2021-03-25 13:31:32;Stake;1.08;22107.31
82bba7938885839faed772270b4f68aa2a699796e0974aa96b8db5df9f93ef73;1831846;2021-03-25 10:52:34;Stake;1.08;22106.23
5a33f6f15e2f5f94908e91a4eac1d609283871ac8e500ac1faaabf7e3efa1476;1831741;2021-03-25 09:04:35;Stake;1.08;22105.15
d4443e5550ca64cd721b3e64e6e7bb8a15f813d7856cd11af8257faecff22c6e;1831640;2021-03-25 07:30:09;Stake;1.08;22104.07
392dd029c1e5bcad17348aa29d40174e93bfac5cff734a711b534f719e453ee8;1831512;2021-03-25 05:12:25;Stake;1.08;22102.99
3face0986f446b51a9adabf149e489cdcaceb505624e7d445a82fb9d04589fb1;1831463;2021-03-25 04:24:22;Stake;1.08;22101.91
828d7ff0e26def1260eaf1f32184e7313d540180cc5cc3de72d495d1985ea6c2;1831383;2021-03-25 02:58:15;Stake;1.08;22100.83
accaa3aeb90a89530c03e1914e2d044a9614ee56f32c90178567d832f53df2b7;1831373;2021-03-25 02:52:20;Stake;1.08;22099.75
e5b3a3aa8f27fcfc28f693df8c1737d882fb934f388c3783ca4db50af1a65672;1831325;2021-03-25 02:02:31;Stake;1.08;22098.67
822167e5b6c82ff723368ad7c10514558ed08381ea7c9a046045842ba35c3bc6;1831168;2021-03-24 23:23:58;Stake;1.08;22097.59
ba70cc1065c4df607005d4a3d72725918fe7c52f58804aaf7cd83d607691bb13;1831097;2021-03-24 22:12:03;Stake;1.08;22096.51
fae9f373df47883db0357dd5b7c3729367991b4bc53b204bd3a15b3090cf3b50;1830791;2021-03-24 16:55:24;Stake;1.08;22095.43
a1d71c966efe412f73f5ff30b16d7547e4c6846f27cd1c279172de9abd92a40d;1830643;2021-03-24 14:23:37;Stake;1.08;22094.35
9271d8d1ab6dd9722e8a5460e2df22a355f713aa795cddc7150c955a587fdae8;1830642;2021-03-24 14:21:56;Stake;1.08;22093.27
a663c04fe3728559303234d56e45921e9248e338e701effd18e68e96e5e43167;1830624;2021-03-24 14:06:20;Stake;1.08;22092.19
f7c70eac0382926431674814b156bfdc3853dc8d0ded75bed0e1dfce68160135;1830242;2021-03-24 07:32:26;Stake;1.08;22091.11
29cd13c25dc2bbe5c52844489b500112b689740e12ec8955e85707c986630583;1830106;2021-03-24 05:15:47;Stake;1.08;22090.03
aa8d8ca3b4c5371ab65ecfb026bdb58017a776fff358ae043b927fd1047c894f;1829757;2021-03-23 23:13:19;Stake;1.08;22088.95
8f74a39f7ffa60f21d55eb88b3a691dfa94ac34e3a035b26c28513795d6cb947;1829747;2021-03-23 23:02:14;Stake;1.08;22087.87
ed9917b8d6447e2c92b4c2d08a5425b876744401e6f2855b42e32848d09741db;1829740;2021-03-23 22:55:54;Stake;1.08;22086.79
3e638f800aedead453fd26a2c200c5ca860a574431a6c278908c571212799b1a;1829347;2021-03-23 16:14:41;Stake;1.08;22085.71
27c704ac1ba33ea5c6974c207c8b3db71960750012ae646e8c75d25c00d6bf89;1829303;2021-03-23 15:36:24;Stake;1.08;22084.63
a17359e6b2ba9687a9d3ccf83a53dc5ba9d72401d84ae950a717850b47e3a492;1829272;2021-03-23 14:59:28;Stake;1.08;22083.55
01d5bf776c3929b85ffc2d750339ed743f7f334c0326f7901e3de00282bbf5a8;1829259;2021-03-23 14:46:12;Send;-931.1;22082.47
8a9db1b08547c1d90c8d94af1e8c9e818aa4f006ce8d2b63c0b848daf37de847;1829195;2021-03-23 13:43:18;Stake;1.08;23013.57
5bdddd6953f7ecac2748e7252e8ac3baf20ae1d4bbb21b38d8f289bd8ae3f609;1829165;2021-03-23 13:12:20;Send;-3713.6;23012.49
3724d012a550e58c81980e7885d37d3b7907ac601ecc3ea9a606c0515e88cbe1;1829012;2021-03-23 10:31:25;Stake;1.08;26726.09
9741aecb510e792dcb1bf607188206201835d9f3d8a8719c84ee0adb8d802821;1829002;2021-03-23 10:21:36;Stake;1.08;26725.01
bf731ff473c57de74ff0ebb60b88c7e47dc21b25203a341457a624be021a341b;1828954;2021-03-23 09:32:15;Stake;1.08;26723.93
d9e022c81e9c9e2a22c4a48ba14dfc7a956b61f7e2b71fb0dc36a38e6bfa1bb9;1828638;2021-03-23 04:11:26;Stake;1.08;26722.85
5ead8435fc6f182b1ce483b3cb392c1f7aa919036e25669bae09446b7c930c1d;1828255;2021-03-22 21:37:13;Stake;1.08;26721.77
c7d13134dd9cb13f81ba8b46e2feb216c5dc0f0080ed91089c68db9e851346fc;1827656;2021-03-22 11:24:42;Stake;1.08;26720.69
e5b5011fd472f19c8dd70a9365aef5aa8681b52ea5bd58c28762ce2ec7b7d2f9;1827445;2021-03-22 07:48:52;Stake;1.08;26719.61
5fbb0bd6be94926e87b97e418296ae31bd5aa7e0b3a6926a247867c98138b410;1827347;2021-03-22 06:06:57;Stake;1.08;26718.53
d36cffb18522967c56274ecb933794bbcd77c9b00c8b6800a9532fad55d2f100;1827334;2021-03-22 05:58:38;Stake;1.08;26717.45
809a10f759f5226171f6f8be15f551462408896c3f5f0ff72123d5bd0dd82ac9;1827143;2021-03-22 02:46:19;Send;-930.02;26716.37
616e90b89986f3e52659083801bcc76d5c7fbe76fff19c9019c8066b05ef2090;1827014;2021-03-22 00:26:24;Stake;1.08;27646.39
2f65a201f7919cf2d5c9270bec0f11985646c40c504e93d262284217e478bbf7;1826887;2021-03-21 22:25:40;Stake;1.08;27645.31
58f6e78b2d57b20f25d6e51dd9e78acd856aea1129857919cc4f4a54ef7b96f5;1826730;2021-03-21 19:45:29;Stake;1.08;27644.23
56bb6f80e5de8b8114b54699bb4bfe3c054a596ded5c44c528ecfdd3025b9bbf;1826552;2021-03-21 16:38:55;Stake;1.08;27643.15
7a178b15b52014d7102cbc508421162a8bb8847c85618796ff8ca02959c50af7;1826488;2021-03-21 15:26:58;Stake;1.08;27642.07
0798323642a4d30895daffcd7797afd85a6d95187716fe03c5cc7ac98e7b96aa;1826469;2021-03-21 15:13:18;Send;-928.94;27640.99
b4900a1a6422edf3f15ea8252983404b0ac3ae2caefd01814aa0e4af88f0ee13;1826095;2021-03-21 09:04:32;Stake;1.08;28569.93
7637c7b50c2ce6787418f6bd4b1a98a6de0d408ba67cf23740b90903e92881fd;1825954;2021-03-21 06:21:16;Stake;1.08;28568.85
653832221737c72d1b685ac4f9ab17d32af930c3477e19fb292e62278e62b33a;1825929;2021-03-21 05:59:15;Stake;1.08;28567.77
31e4ddc277aed87bb074ebc12ecb29a14b44f9507f90427a9f60e594c2811755;1825867;2021-03-21 04:56:11;Stake;1.08;28566.69
b5dfb6e51d8299ecf388b5f81e7ccd52cd005f9d578404072f674359908cbaa6;1825785;2021-03-21 03:32:31;Stake;1.08;28565.61
9e189af05f713dfc985725000da556b715d71f62f5f333662788f2d6991e4191;1825779;2021-03-21 03:27:46;Stake;1.08;28564.53
146c2204963b85a7cdf98360ebcfb4d239ff199a6aede484574cd0717c9e2c59;1825724;2021-03-21 02:31:52;Stake;1.08;28563.45
ccc4a553c0f40cadd76372e87ba1a27a9e89e4db87fcc34270b0ead9c15e5d4a;1825564;2021-03-20 23:41:10;Stake;1.08;28562.37
54e683503b748bf8df2783529e6e110c07a152c111f1bddeee52e5284f9688c6;1825309;2021-03-20 19:28:12;Stake;1.08;28561.29
8eb2fd9af9a4e8918112bf0202b50631e452f59b22f291cc36cfd8b0da4b0fa5;1825267;2021-03-20 18:51:38;Stake;1.08;28560.21
d3ce0201ed55b056e286c49a50a101f964127645c7399528899b9e908dd961fe;1825256;2021-03-20 18:38:12;Stake;1.08;28559.13
2444e5af5a61ebea2c1e47eca3a672117dd0885df530baba4b7bd17f2e887d02;1825240;2021-03-20 18:18:03;Stake;1.08;28558.05
3140551a1bd1a9406b9b196e719aa3222a8162fcaee42fa0b45e62ede625b325;1824920;2021-03-20 12:50:53;Stake;1.08;28556.97
e20a8df0ddf393628bdc0ec870043d29400969df3af1d631f1430b8bff758829;1824903;2021-03-20 12:34:13;Stake;1.08;28555.89
f71c75ac1695d122d61a3de0f067c03e56365d7d3b38758c1542b08ce45550ce;1824874;2021-03-20 12:01:49;Stake;1.08;28554.81
612fba5531955bf7aec0e87b8a741a395625dbf29867977367e0bfa4e43f1ea9;1824793;2021-03-20 10:37:16;Stake;1.08;28553.73
95f202e9e27ced60183f7f2cbb00793464d4b19298c448b379f826ce199601ab;1824685;2021-03-20 08:52:51;Stake;1.08;28552.65
335b62e291bef38795600739cb6dd8f31ca319545b8c35a0f772e63292a35dd9;1824595;2021-03-20 07:16:09;Send;-927.86;28551.57
bd47e1d33c9c6889414a347c4d3786fa1cbed4ffb625282d21a9c2b691355fb2;1824561;2021-03-20 06:42:03;Stake;1.08;29479.43
6ab1fa47467ed3d9b2b7704b629949f94085428e2567b15e800ca60ee7537cd9;1824541;2021-03-20 06:25:55;Stake;1.08;29478.35
393b999a85dd1a21fab5f26506a7f25b9e59412388fd164c46189f5b22858b96;1824389;2021-03-20 03:52:56;Stake;1.08;29477.27
dd0ee137c691e70cd6c1da9f607f4657566f6eefac1a9625ff6ae107f72beafe;1824340;2021-03-20 02:57:30;Stake;1.08;29476.19
a402c598a2514eaed76a81e18b7a27c90ddae4a84eacde373e703ba32dac86f0;1824084;2021-03-19 22:40:57;Stake;1.08;29475.11
4f628a38f30b5c9978e76ef09fc8116e66eb8ae5b3b92d4b38f955f9639f94e0;1824034;2021-03-19 21:50:09;Stake;1.08;29474.03
6997c3af102be8a5379517c8aae5725a5058839fb4f78055288de5281a8d5a0b;1823911;2021-03-19 19:39:20;Stake;1.08;29472.95
99b2a57feb043361eb36feb4a8a903b127cb59afccc2384c6f49155c28140c05;1823798;2021-03-19 17:50:58;Stake;1.08;29471.87
2c9f43dbb094e59730e1726625817210acbc05e85744d00db670372efc2e0e74;1823542;2021-03-19 13:27:25;Stake;1.08;29470.79
7df96581df9a23a331a89860f74f07c060c4ba87da35c66d93264fae6b15272d;1823457;2021-03-19 12:02:36;Stake;1.08;29469.71
d25a5100c01770642f315b5ff4fd31ac1cba3c0dd7777afd0f9c25cbf2021e68;1823367;2021-03-19 10:32:10;Stake;1.08;29468.63
815b62720b58848f6adb4801875d98d526ec0975151d50bd5948026c1db6e6bd;1823236;2021-03-19 08:12:39;Stake;1.08;29467.55
47bc50d0442b0cc18889b8068ab5cf2acf41c7b1dc01d48f73ed5e49eafc8074;1823179;2021-03-19 07:15:46;Stake;1.08;29466.47
849aee06f8ed946738af1f1a33e991d59fe5314a627670d58fb3d7c82b3cbe70;1823043;2021-03-19 04:58:11;Stake;1.08;29465.39
b509de6f1891b01d0bc891a69148c580ca75b3f282d772ddeb211d6643ef4b72;1823028;2021-03-19 04:39:08;Send;-927.85;29464.31
a3b6d6ba9fb18c8c600357d1f1202ec1d76d10f7bd41e9bfdf31ada44cc9d6ba;1822946;2021-03-19 03:16:57;Stake;1.08;30392.16
d53370c2b3b757de4c1d2a1b07f510e4ef9eb2243d446d162cccaed5751086be;1822731;2021-03-18 23:28:32;Stake;1.08;30391.08
27d3c66f7ddbc779aede69413464aa7ae1942aa06625afdf1aa64fc9ca8970d8;1822372;2021-03-18 17:27:52;Stake;1.08;30390
744fbe670674804662d6cacf7370732a4bb919925b2cb60faeacbc790bfefaf0;1822140;2021-03-18 13:34:02;Stake;1.08;30388.92
ccd14c3acb7b62712e9f3d8cc07aa6373d5b0c8fb9596e51ccf64719a59092e6;1822134;2021-03-18 13:27:25;Stake;1.08;30387.84
4805499590bb50ee50a0a1b21c5ea20a1b530fd6a45ef10e2292b96e8fb4f9da;1821727;2021-03-18 06:31:27;Stake;1.08;30386.76
b1516db6956e125df23f3c400677b6234d64000fd733b4b8303e7080063df098;1821669;2021-03-18 05:25:10;Stake;1.08;30385.68
463c6d982cffa4972c7bc68de9cf90244def28934b9c24221cd986dce6a9374d;1821506;2021-03-18 02:43:29;Stake;1.08;30384.6
d7fdf3682a5882a36c6667b4c5bfc7171cce1a118b9782004577eabda620054d;1821302;2021-03-17 23:14:35;Stake;1.08;30383.52
c0448344ac6c97ceaea06044da25ef52b41c82c41ac638bcdfd63512f293a21e;1820943;2021-03-17 17:05:09;Stake;1.08;30382.44
4eb22d0a238ae40909b4028739a2825a0ba81fc5f366b296bacd9f26f8149447;1820692;2021-03-17 12:51:45;Stake;1.08;30381.36
4412564b2042cae78a99b5bd0a6235df4bf04bac3306d70c9aef2f2321e989a9;1820055;2021-03-17 02:02:29;Stake;1.08;30380.28
b69c572711642311a0c37292ce00d7f30598114f2504aab0baac8ed8c6d06c2b;1819956;2021-03-17 00:14:37;Stake;1.08;30379.2
cfd1958a5b6cdcb184fbcc9008b3fdf933e0f8c266a021a0ff4e7ba5a4512e7b;1819936;2021-03-16 23:57:08;Stake;1.08;30378.12
feb47e152f69d4aa695e0825010604577ec7aec1277b0b18fcee238111c39a8b;1819774;2021-03-16 21:09:10;Stake;1.08;30377.04
abd90808602341f5ea716aeb61baa9990a32e1224d0906cd216d1a784dd3bf4c;1819672;2021-03-16 19:30:54;Stake;1.08;30375.96
a711800d9dd59c1504033bcc0f25ceaedbe899fed114dc47af06175751b99cf4;1819664;2021-03-16 19:23:49;Stake;1.08;30374.88
9a5cfcdc06d07088b378a15a1b0e5cb2052bb405bfdc8e20e5d311c832a47e5c;1819570;2021-03-16 17:43:06;Stake;1.08;30373.8
9b61b3cba28f7002c7f4b32b2fa7cd545f92a27427c4abff742d9c41285e2f4f;1819280;2021-03-16 12:46:44;Stake;1.08;30372.72
e483d02206fb3a074156d58109413303e25e852ecf1b06de63afb17a006d84d5;1819188;2021-03-16 11:12:10;Stake;1.08;30371.64
1f9cf2cef4fadd4ae657421e518af2a02f692d68dfb68e07683b558624f01019;1819055;2021-03-16 08:57:16;Stake;1.08;30370.56
8b18ca561c0b20bc6b5ad9bed884b5467453e7c3003b729abaf00e070e8f241e;1818899;2021-03-16 06:24:06;Stake;1.08;30369.48
65236bb8ac16c7df5eb02e9657878a907988a4eee21fb5c97589c939a472624f;1818610;2021-03-16 01:23:42;Stake;1.08;30368.4
69e1f716b2652ba332ae763fe1d9af13eccd16f47e7cb227dbb0f8bbd2e6e8cc;1818449;2021-03-15 22:30:12;Stake;1.08;30367.32
4f69a3946c36d5336be342c22a38fc72743a65d422217f2531fd754d847fb934;1818161;2021-03-15 17:33:14;Stake;1.08;30366.24
d80c2e13e8a78aa2f925e80df9105a5d701c248366e343c449b6c73c4abd247d;1817824;2021-03-15 11:53:53;Stake;1.08;30365.16
0ae245e0dd3dcbce40c3a3b4f1cdb75b8ef88cdc66417a77a6af3cdb3aa3876d;1817456;2021-03-15 05:28:01;Receive;605;30364.08
e2915825664a118d2cdbf5e8f6e71bd4dc51559faf5f3a8943d3ac8699b39ebb;1817095;2021-03-14 23:27:49;Stake;1.08;29759.08
2c08654f84fec52fc7c330eb5374eca2113496a7cc5b2a8a62bd8672ae2580f4;1816427;2021-03-14 12:06:30;Receive;29658;29758
c8ee4b71d1e3cbc62bc7e93dbc83c8f898eeae208407f143782d57db8995f232;1816422;2021-03-14 12:00:12;Receive;100;100
