﻿sep=;
Transaction;Block;Date/Time;Type;Amount;Total
30a58dc525310208af644a24429796efe197454cbe5c7aac827a91b807f1e89c;1860277;2021-04-14 15:20:02;Send;-22505.57;0
3fba811609042fc07fe6d2e8f880ada985b724f05a9ff67033457cea762bd0e5;1860277;2021-04-14 15:20:02;Send;-17964.13415841;22505.57
12b1e82c2187d36bbbd597d897b626b62ccf86d413f1814368afb5e6d99b0181;1860246;2021-04-14 14:47:23;Send;-641.8;40469.70415841
27ab71220139789df292b9fc4b4ac88929a784559f99d7d123adc3e0f51ecdc9;1859271;2021-04-13 22:03:13;Stake;1.08;41111.50415841
2c21b9fdd16dbf911de29a8d3f1969711d3f39162bf51ed5bb0cc3ec3bdeed4f;1859231;2021-04-13 21:25:08;Stake;1.08;41110.42415841
e2ec34372fe69a74d7cfd337e9b59325007f6d5336225cca199f787972814f49;1858961;2021-04-13 16:47:31;Stake;1.08;41109.34415841
42a16328b72863debc56b8682cc0d78c5053d7dfc6cfbf47606cf37623b469d0;1858892;2021-04-13 15:42:35;Stake;1.08;41108.26415841
59522208b363197a6aab2756e662900ea2d015c343fbc907eb079b97ed8e1d1a;1858850;2021-04-13 14:58:02;Stake;1.08;41107.18415841
89245522532d3ef043487c85d5db4d827a120b85598c269fc7ef55f561779f74;1858811;2021-04-13 14:10:47;Stake;1.08;41106.10415841
313106d5293018329a9678586f4ae8e1e7ebce3177cd86379bf2d790410bab59;1858762;2021-04-13 13:16:51;Stake;1.08;41105.02415841
048d47d8b3cc101f6159bb4d00280960bd736872227fe15824387376ca7653c0;1858750;2021-04-13 13:07:17;Stake;1.08;41103.94415841
ff7854666d7940e91320a7a66ab1c7fee8f9a640ac5b86979ab8bc2277deaa68;1858736;2021-04-13 12:53:14;Stake;1.08;41102.86415841
634d13e940bba8c0b8fb7a000eba9bc163ff98bbdc4b460cfe56e7d4518a8bb8;1858733;2021-04-13 12:51:50;Stake;1.08;41101.78415841
8f9bc339715e7858c98aa978d44863c83ca22641f773b8e633dce04f97dbfd5c;1858640;2021-04-13 11:15:06;Stake;1.08;41100.70415841
9f93d1721541a5df74de9d5f271896144b98269b76f7c0dc65831108ec4859e4;1858626;2021-04-13 11:03:24;Stake;1.08;41099.62415841
61c0fd9daccfcd34aa74f137a68c4e5351208279674146fff5d1953c7c2675ef;1858532;2021-04-13 09:32:44;Stake;1.08;41098.54415841
484b1fdc7094fc9b2d9af799f309ba4454c5d8ad6658dc3fb999e1c4597446a0;1858430;2021-04-13 07:46:37;Stake;1.08;41097.46415841
e9f2b292e03c42e4e4ad967ce6bd2123a9fee1d1ba51a908885d7fb74bb91c51;1858372;2021-04-13 06:47:30;Stake;1.08;41096.38415841
992188900ab536879e6389b3645a26829dc7fe6b1571f3fc0852c8a9269fab02;1858347;2021-04-13 06:21:21;Stake;1.08;41095.30415841
c59d20e72b2ab2e505c0c139e970a8de199487290e6879af9dbaf6b2fe982f32;1858243;2021-04-13 04:27:17;Stake;1.08;41094.22415841
15fa0b49e70d833f93c8f524f4069d759c425f058422385a42ffd4ec020e5c21;1858236;2021-04-13 04:24:07;Stake;1.08;41093.14415841
0880b4c018a05141f0e38215bf7a8eddcd027f7edb00cc3ecae286aa76222d50;1858192;2021-04-13 03:36:35;Stake;1.08;41092.06415841
683097c3799aa6a2b0e98ba7d0c4365ff6b73d85f35600224e651770105bfab8;1858097;2021-04-13 02:06:23;Stake;1.08;41090.98415841
46c29bb02fdbe6c6b6c3996434eebc87be8d3de52f25c544f3cd406576be1859;1858030;2021-04-13 00:55:35;Stake;1.08;41089.90415841
7e8df8faf18baa09e9b460d92a3f4107e61ad0b199e55c22443a834236377c69;1857859;2021-04-12 22:02:51;Stake;1.08;41088.82415841
99c9337ce9b622af9cb28cc878f6978721815e0312e990430fccd80b0dee18ae;1857846;2021-04-12 21:49:57;Stake;1.08;41087.74415841
acf66f2f7814b650c407154167fcb7af02ea3615db7f3fda7257f4a2d09fc157;1857783;2021-04-12 20:43:28;Stake;1.08;41086.66415841
6378ea90bba8841d49f69066dc9e8ff0b1da53be13417015c766c061f5df0fe5;1857741;2021-04-12 20:02:32;Stake;1.08;41085.58415841
699f55a0435fa35cb6f07705d0819f8cb28a546ddf3b24ec7cac8b75b5220897;1857725;2021-04-12 19:44:06;Stake;1.08;41084.50415841
052c5565203ab01bbadecf3576c0aecc1330d2176904b7241229c3c60e6989cc;1857677;2021-04-12 18:51:52;Stake;1.08;41083.42415841
0003a0b7979572d9ae19e655210e2f71174667f07037af886b296a47b38155ed;1857338;2021-04-12 13:06:47;Stake;1.08;41082.34415841
549b5a7846b3decaa7bf8de6be1bd0019f9d31aa0c91aa86507bcf13546d57d1;1857048;2021-04-12 08:13:46;Stake;1.08;41081.26415841
37932bdb6352fd7a678750ec910c7371a5aed7456dd3e0c6f20e593a4c46f59c;1856322;2021-04-11 19:46:30;Stake;1.08;41080.18415841
fe68fbb58bb1d79fb0ff14425e51268165a7a21332567783a5b0b470de993fab;1856292;2021-04-11 19:17:48;Stake;1.08;41079.10415841
07086d76d3b40cdefbdf1c97ad5942434d881df35e071e89fd1ed640765cd0ab;1856246;2021-04-11 18:36:19;Stake;1.08;41078.02415841
1dd8222754b3b9d797b0025ba70c962bf40fb7b0ae51d7605bd3b4990627420e;1856223;2021-04-11 18:13:45;Stake;1.08;41076.94415841
00d26780e3013b1c3b1e377715ae1a942c9ca066e318d2a9c1d7768bb33e1c41;1856186;2021-04-11 17:26:24;Stake;1.08;41075.86415841
5a185fa1e6dc9cb765b8479208211da01aab5cd1cbd4ca5a5465373516f5e51a;1855995;2021-04-11 14:11:02;Stake;1.08;41074.78415841
1901747f6d883508015bc23b021a1e8d10f22f11205c0e706dd45679e8c5e35d;1855927;2021-04-11 13:04:43;Stake;1.08;41073.70415841
afe67853b1d3e1c5b29aff1465d7c52eb5c00ce8478093c56994a3f0aff9dfd2;1855898;2021-04-11 12:36:03;Stake;1.08;41072.62415841
1a4b50748ee1e4aa9d6ac0bac02531b10f6854ebf8d914814c068e69e2d2e67c;1855786;2021-04-11 10:38:00;Stake;1.08;41071.54415841
f2491f35a5230ab43fe6e7e1dbd4f12fb93837f65e630cb6abfb7dd87b9eddd8;1854852;2021-04-10 18:43:35;Stake;1.08;41070.46415841
e4df6562ef86c45799568379389b7841b7794bb707e5c9917cce5a7b46e6a908;1854592;2021-04-10 14:23:57;Stake;1.08;41069.38415841
633ec9579ea6fefedd278f741d6c63d77c456c8db98d120c2b9b975faaf2cc68;1854567;2021-04-10 13:55:51;Stake;1.08;41068.30415841
9ca714edb6f96917424912bb01d1ca2aa4af3f758e165d61fd93e1aca1c59351;1854562;2021-04-10 13:51:46;Stake;1.08;41067.22415841
364bb51a4ec6b99714f33a1b47fb6bb7dc24d5d9b9ca19557673086454578409;1854523;2021-04-10 13:07:07;Stake;1.08;41066.14415841
aa7cbcd13599d75c3b1aeb2e22fdea30342b1323890c742455db17fbf186edb1;1854518;2021-04-10 13:04:21;Stake;1.08;41065.06415841
fb2a1f533eda002453e4912cb3e33156d8e8db1fab76b798c65a56880ae10951;1854389;2021-04-10 10:59:01;Stake;1.08;41063.98415841
d36e61a33766466fa6ff64e77dd5711b6de395451f633646853f8a8dfc0bd9bb;1854350;2021-04-10 10:21:08;Stake;1.08;41062.90415841
530f840ad6ed727084839bde5419b0e8043fb91ed44678db40bda6508d9617d2;1853636;2021-04-09 22:05:45;Stake;1.08;41061.82415841
2fe806afb5eac10b9bca628ea5c7ee777d73fc6247a72df6bd7773f2ecdab02c;1853630;2021-04-09 21:59:01;Stake;1.08;41060.74415841
af8a92882da14963f428dabe30fba8b55e1fd1ef48c2f7762c901096b93c4468;1853610;2021-04-09 21:36:11;Stake;1.08;41059.66415841
a1cce7060fd62be461d1de86e014944abbf1d98297fea27976f1d9da897cae64;1853486;2021-04-09 19:34:40;Stake;1.08;41058.58415841
ea0b6e893bc272a682187d1f0aaad3637c5adc264ed13b2a4f6d33b71f749c26;1853470;2021-04-09 19:12:49;Stake;1.08;41057.50415841
06916d0e8b862afc8fdd03493dd28b2a6eba504c79f5418373270362eab38004;1853273;2021-04-09 15:51:15;Stake;1.08;41056.42415841
6064fc44170ed69dfc0d2f6bb3734a8b0483b2909c4cdf3182b4433c0e227d7b;1853196;2021-04-09 14:29:13;Stake;1.08;41055.34415841
c1cdc09ed8501af485e0e825795ba288e207e8f017177b11a1e7d6c063475b49;1853167;2021-04-09 13:59:22;Stake;1.08;41054.26415841
3d5cac8569381dc646ef5e546e2baf69b4d52757e8672124d945ad8aa6c9a8aa;1853137;2021-04-09 13:29:35;Stake;1.08;41053.18415841
abcb179d4dee02055bea2f70d7c3124fd900ae4bdd7b892a6ecf99f52deabb91;1852975;2021-04-09 10:52:23;Stake;1.08;41052.10415841
d02c4b258ea39808daec07fae90aef7a6abe8002e7fa68571335274f2b054b41;1852879;2021-04-09 09:09:03;Stake;1.08;41051.02415841
d2a3278562a8c06426987add98e0e9ae82b8a74edbfdc655a29d27e86728a82d;1852417;2021-04-09 01:15:43;Stake;1.08;41049.94415841
ff31774bdb4fa6c7670e623d8aa800939f03ad54213fb4287bb607b38415b027;1852335;2021-04-08 23:54:07;Stake;1.08;41048.86415841
12c64b17a1b107e1bb95d8f26a49f1be7b418cf157cab4c3764fdd848da773a1;1852159;2021-04-08 20:52:32;Stake;1.08;41047.78415841
f2d0f93f6aac343febc03fb3125209631a7f38768c9efe5bf4c85acdeb09a7d9;1852067;2021-04-08 19:14:16;Stake;1.08;41046.70415841
4d3f2f8168cf40c10b3671701bee8cf9ecf768d0cb30633029406585d2c20149;1851960;2021-04-08 17:26:21;Stake;1.08;41045.62415841
9376f062d80deb1ae6838abaf8ccbfea12e1c6b1da3aea626801cea21d098f11;1851826;2021-04-08 15:08:13;Stake;1.08;41044.54415841
4a51473b4133dd3cc94d06d33c3e3bb0f197fb30e9158bf6463ae71c06a22fa1;1851697;2021-04-08 13:01:08;Stake;1.08;41043.46415841
2691a8fbd44a58330575196e1f677ea274d8a438068f33929807b0fdd56eaf0a;1849329;2021-04-06 20:33:09;Stake;1.08;41042.38415841
0506eb7c65b19da737646d4b7339ade355415ce40cc0946004a5899ad95bbd58;1849227;2021-04-06 18:53:56;Stake;1.08;41041.30415841
c2786eb942d42932fa72409dbed452dfb10d1cd78d662935bb66daf243a4a170;1849182;2021-04-06 18:10:49;Stake;1.08;41040.22415841
3ed8cb0a95059226f4faef0f0db204ac84273ebf2ee2215295e0a4c5a39aa98f;1848769;2021-04-06 11:11:14;Stake;1.08;41039.14415841
2cb457931d3480f4dd3f97c1f3ff8b940d0094a0fee1d3ec98c3119173a65bdc;1848656;2021-04-06 09:10:28;Stake;1.08;41038.06415841
3e9e5a2526c0fbf82300d3a9b0d9a942cee1ca55e581c1d5b10a58df85853211;1848576;2021-04-06 07:51:00;Stake;1.08;41036.98415841
7cfd56c573730444922acfa012e1f7b5e45a38089c1667f85ca98c24250ababe;1848272;2021-04-06 02:39:37;Stake;1.08;41035.90415841
8881b12eaa986bfdac4671267ed31877707cc867a1d32e0dc4b3f48b9aa0d7b8;1847699;2021-04-05 16:52:21;Stake;1.08;41034.82415841
6bbff06b02be318b9889e40f53503ebf48d4399aa77502de8ff959a189eb210b;1847628;2021-04-05 15:44:16;Stake;1.08;41033.74415841
69fbe65289e790a4d437c7c7dbcec89f113d8e4d63260e17def1724e6c5972d8;1845857;2021-04-04 09:32:49;Stake;1.08;41032.66415841
4d40e27d78eeaac64324a32a49b38a6541b39d618570e8c0f4da701a0de26eac;1817553;2021-03-15 07:17:57;Receive;41007.58415841;41031.58415841
df529ae619615734f7e2c30eba3e94999a20001345d8b54b7f1ff8966244b254;1816335;2021-03-14 10:33:22;Receive;24;24
