﻿sep=;
Transaction;Block;Date/Time;Type;Amount;Total
6f9b528592317c6a7be252956fe2d6fff9f99a4af66eb2317831de0c8603a569;1740598;2021-01-19 21:21:51;Send;-15625.24994054;62505.72
a35fddc2fc56eed9fb98af0f519d3012e2b827f628d652d008ffb2c1553b7303;1740598;2021-01-19 21:21:51;Send;-50782.97952432;78130.96994054
5e995bcd240e6132b6feee2537e748fc4ce38c55f92938ff28a54933ed565c99;1740595;2021-01-19 21:18:13;Send;-19534.83;128913.94946486
ae7c342f6dd59af556b8618f5c6d80a3fb33c28e65f293094d225ab82d891063;1699253;2020-12-22 00:13:36;Send;-11720.42988108;148448.77946486
de124d301fa5fa18633a9d2c2b76a2055a27f13f9357b55c6fc9775a25dfa8e5;1696253;2020-12-19 21:31:52;Send;-11719.97988108;160169.20934594
10935e0891ad798dd825524e251dbb08eabcea3f95ca1e0ea0a74203be64eee3;1696252;2020-12-19 21:28:51;Send;-1;171889.18922702
aaed5cff7474c096c93d68c21e2ada4d29e75fd640fbbb63cd7baf6ec9224846;1695228;2020-12-19 04:08:55;Stake;1.07994054;171890.18922702
54efac2b629c21624c8f003aa1e870e22adf6ea54ce00f67bd5ef90326d5bd62;1695161;2020-12-19 03:01:00;Stake;1.07994054;171889.10928648
6c53e80685da3155d0617de80196e1a1e3d076fb84de6f6d668274242d842b4c;1695071;2020-12-19 01:27:08;Stake;1.07994054;171888.02934594
ca5788d68bd05994302ba27b246a503ab537197f4d30a884e7f212326fcc5f3a;1695064;2020-12-19 01:22:31;Stake;1.07994054;171886.9494054
01581ea6aa615576e9720b5808a7b7bd599a28ee5ce100f6b4ac177a5b43adab;1695060;2020-12-19 01:18:38;Send;-7814.47;171885.86946486
3776a690107d134df981b153806931878846a5988e6ded4e5291af5bec5eda9d;1695058;2020-12-19 01:16:55;Send;-7813.85994054;179700.33946486
92fbb284efb140febcd409ab0003f8010df684ba02a86c00a2e296ccbb36d608;1615687;2020-10-23 22:14:49;Send;-1;187514.1994054
2542c937f8a5116424defd1ee77b633a3e552914faa8f22d4a30f393fb3ce838;1604330;2020-10-15 22:47:12;Stake;1.07994054;187515.1994054
14342440480aa1c9e283480915f84ace1d0d5340722a9ef09f737b9c302e8779;1604319;2020-10-15 22:28:06;Stake;1.07994054;187514.11946486
152d1800ddda88d89947442841bd6d4b9701a6eaa2caef3be5349a7c7d295a89;1602785;2020-10-14 20:30:39;Stake;1.07994054;187513.03952432
1fa9bb5a369d4f85db4d98cf1c9dabe555dbfbfbc5b930990b7053f599b16b27;1602775;2020-10-14 20:16:35;Stake;1.07994054;187511.95958378
ba1a5763495d56a4f5b22e335d9e0f250cc26940caa818167ff51aa4c143f98e;1602761;2020-10-14 19:57:57;Stake;1.07994054;187510.87964324
809150bbf105587360eee1887e4b09b337258f51863596d8aa6bbd3e6de88751;1602752;2020-10-14 19:52:06;Stake;1.07994054;187509.7997027
15f3e3a90c53d799f7915d6b61ecf1f8a9693cd1da8cda775d8f183e6ecb6aae;1600249;2020-10-13 01:43:00;Send;-15624.64982162;187508.71976216
5d9dc8fba77ac73e2287134e154e815a4ee0c061b61d18513f4efca7c8bcdcfa;1600235;2020-10-13 01:31:47;Send;-15625.64994054;203133.36958378
a08119c90d8553d3c5491a61d3351e6393511c13d3262b050b2903a8b1a681f1;1600228;2020-10-13 01:25:12;Send;-15625.44994054;218759.01952432
234d992ec8e5c32c74d063204c1b7c9fbc6a4182250bd318495a6b5414d3e433;1600193;2020-10-13 00:43:25;Send;-15627.25;234384.46946486
3c53727fd85f95dbf9544f5e7c9dc7905de26a7c45c1f238f9ff937648cf1f5d;1600188;2020-10-13 00:38:08;Stake;1.07994054;250011.71946486
08a3f23a0205b2261ffa69f5d13723d0eb05598b8a89b39fdf721ca53cd6aec7;1597384;2020-10-11 01:16:09;Stake;1.07994054;250010.63952432
f00a8a99114e05e9de0b18401fb85d7818c2a8fe04b2cffba193ebd163193326;1597365;2020-10-11 00:59:47;Send;-6100;250009.55958378
3fbc95e4359596ed493eaac4ea4d8b0b0d7d671be9570ba1484c422594d11513;1597339;2020-10-11 00:34:55;Stake;1.07994054;256109.55958378
78bbab6b80600ac76222907d6f38d003e49043d40c74b8a2c9ee6f736d57a446;1597336;2020-10-11 00:32:36;Stake;1.07994054;256108.47964324
9a62fe1366ae2dbf3c9a1822275d040a9266b17b67dd18fa80f4a1c7b0a7a388;1596701;2020-10-10 13:47:13;Stake;1.07994054;256107.3997027
76e6e0aa80828d09fe0aa7bd732ce2c15553a1851aa06b506a62a483492ba081;1596644;2020-10-10 12:52:09;Stake;1.07994054;256106.31976216
361e011d9a98f449f9aa331e45c14640ddf8d11085a9e84e8984bc50ae291796;1595947;2020-10-10 01:02:24;Stake;1.07994054;256105.23982162
2635d7596009b0d6304f0759d12803c096780774cf838662764ec653836851f8;1595909;2020-10-10 00:16:27;Stake;1.07994054;256104.15988108
a5a3feee57b0c848d40ce5eb02ac241177c5e3bdb182705ca10221688b615630;1594533;2020-10-09 01:10:06;Stake;1.07994054;256103.07994054
aaf07c7fa4d5f9ef1f811164027072846dc04650e58739c60db96d21b5731513;1567461;2020-09-19 23:42:24;Receive;6100;256102
5f8b1f38948c9efba7c33be4bce577595e3f48291b1e265d840ab90332ab64e6;1564513;2020-09-17 21:44:43;Receive;249999;250002
5a44e494cf18197c4352940a5727ed7514c55ed98b4185f6e7a0facac228bf47;1564510;2020-09-17 21:40:15;Receive;1;3
3a7f2ae0d01f1f14a9ff5f314a8d1c960c76f462f6ff2f4eff2a71e233659a7c;1563226;2020-09-17 00:04:13;Receive;1;2
f589bb7ac0cdaf205380f19d3ca8715f66db91221f103d7c7ce08e3bbaea5241;1563206;2020-09-16 23:47:11;Receive;1;1
