﻿sep=;
Transaction;Block;Date/Time;Type;Amount;Total
40820990bbb0ed12746a0161ebc313f09ff6175b6cb096f52447e4427b8803be;802603;2019-04-02 03:17:29;Receive;4155;1364384
76718bf21b2329f331f87393943899767ce46af647492922ec49fa6d86ef63b2;802603;2019-04-02 03:17:29;Receive;10000;1360229
0cf6bfaf52c5545a5261e2ded0ac84658d044754bb6aff89aaf66d5e59a211a2;802603;2019-04-02 03:17:29;Receive;10000;1350229
e24c8d5622b958b408a20450397409cc7e81d7d6867c01f18b38549069550c30;802603;2019-04-02 03:17:29;Receive;10000;1340229
fd22ef618ed72aabc1bf71342bd005473170a9a941a0ba8be08f449e26e03138;802601;2019-04-02 03:16:21;Receive;10000;1330229
142383a2cbbecc7de2772036be7701f12953207d401f34b8da579bf335fbdf42;802601;2019-04-02 03:16:21;Receive;10000;1320229
c6cf43a01b2375cc862832f4f29c1c6b9fa2e1cf1e05d5f30fa49c86dbdc38f8;802601;2019-04-02 03:16:21;Receive;10000;1310229
594534d8049b92dae80316eb1d2940d9717307921f00485cac7240a0493db4d3;802601;2019-04-02 03:16:21;Receive;10000;1300229
19fae9570ff0c042ad7c2c9dbc174eadbd73c9d23664f0713d9d3918a197f03b;802601;2019-04-02 03:16:21;Receive;10000;1290229
b8f6dc85d4387891bbc1dce535b50ebd87e013b0123088112638b5f20416c656;802601;2019-04-02 03:16:21;Receive;10000;1280229
f395a4f975f4d372c03fee83a28492e213b74ef9803ef429bd3478ad4a088420;802601;2019-04-02 03:16:21;Receive;10000;1270229
3832343f805429377b951bf5b339ffc689e7059c7906b7c8c88c7348db4dce3d;802601;2019-04-02 03:16:21;Receive;10000;1260229
e31e2adcf978c5b14fba87d26c531c12d935dcad5bc0957ed4997217add32392;802601;2019-04-02 03:16:21;Receive;10000;1250229
cb8820c75e9360e482f3b3010867012f9da1078cb5fae8343d2cc086f76ec6bc;802601;2019-04-02 03:16:21;Receive;10000;1240229
7c528abb9c90d7a34f6475e33a9917d8a37f7dc674360a6337edcd5589c3b450;802601;2019-04-02 03:16:21;Receive;10000;1230229
9833b2e4a12ba76e8f3345e2c75085839d0bbd84021313c48dc22358b63624df;802601;2019-04-02 03:16:21;Receive;10000;1220229
76220e80892215582034d19d1d5c0b06cc27e29946ddaa814666fa564f4437ec;802601;2019-04-02 03:16:21;Receive;10000;1210229
e6ae8550fb7a270684b3f844bbd2799243eb5ec8aed69d5de11fbdeafb403ad7;802601;2019-04-02 03:16:21;Receive;10000;1200229
ce93631081f713871e8af99e1088c6e5554e1019cbe1de82c6adc4b136156b61;802601;2019-04-02 03:16:21;Receive;10000;1190229
fe04f178a69845658687f61787e3cf68bd16aae8e3ab1397d02bffa87db917d6;802601;2019-04-02 03:16:21;Receive;10000;1180229
fbd03c8a0842198f861d504ad0f7f1a45b965f1b6c1975f18beba5dfc9d524c5;802601;2019-04-02 03:16:21;Receive;10000;1170229
ccc749bb60b7435023fd9e34b99ef025c0e06f94c4f9d5e83f2f422ef9190d68;802601;2019-04-02 03:16:21;Receive;10000;1160229
d68bc2a57b78408178db547bb92a578cd30c196077c61540d8df02a62f3e05fb;802601;2019-04-02 03:16:21;Receive;10000;1150229
a54ec0354806ca4759db78912ac4919c46026a02ad1b1b4837d2100adeb44bf6;802598;2019-04-02 03:13:38;Receive;10000;1140229
ed7d7f476f4bf195ab2454df7d605cdb83ffeda2ce402b01f74b7b6a6301894f;802598;2019-04-02 03:13:38;Receive;10000;1130229
8abd8738d4fccc04b96fb6eecbc63245932164dfc6a0eae865bb8bf261be09cd;802598;2019-04-02 03:13:38;Receive;10000;1120229
7c8244ba43ff458d2946fbdb7d536deb8dd6d0e686325c0f3300c1d4890110ba;802598;2019-04-02 03:13:38;Receive;10000;1110229
9284f01ef55834cc4d1d0cf0e6e4b6bdc13a58c94733c6bfd452e0ac3f09a9ed;802598;2019-04-02 03:13:38;Receive;10000;1100229
304bab65e1b45c41fa5fd005027a8f1c1d26c2e9763651d4fd24f138e5c31d56;802598;2019-04-02 03:13:38;Receive;10000;1090229
c7bbad1a8e8a13b5376ea068fb159c80d0a7b6b716e0474a301bf9903b134190;802598;2019-04-02 03:13:38;Receive;10000;1080229
5dc3313fee2d057051fdeab7117cd49df7a7173bb1b3ad1f99d3b74660397aa3;802598;2019-04-02 03:13:38;Receive;10000;1070229
5a2b4899e2dc195ddfafe386abccd24ca4fe26c74a4105fe41ddc3c1f4e5558c;802598;2019-04-02 03:13:38;Receive;10000;1060229
8b18d3cf89bde207d40cb6fa910ec2169d22b0e07c71b06fcb9fb232d8072f1f;802598;2019-04-02 03:13:38;Receive;10000;1050229
33275958bf3f9baae44748e83c629f284e8feeeb66e0705aabfb99bcc0d832ad;802598;2019-04-02 03:13:38;Receive;10000;1040229
0c5a08c02ceb1e44884c661192e02fd382bc9a449be26434deaa775729f229f4;802598;2019-04-02 03:13:38;Receive;10000;1030229
a619a11719a0378a41902fb603a9e51788a36186d1e8d25ccd45e4ebd921aa11;802598;2019-04-02 03:13:38;Receive;10000;1020229
204e668556a9d1a71b39765a995464ea2052ec9d12c1c3da31dd667a9ceada0a;802598;2019-04-02 03:13:38;Receive;10000;1010229
1e879673735125f3dc112f9c33c3fbb18e723ebd965cd27500ec31fb66c0d2e1;802598;2019-04-02 03:13:38;Receive;10000;1000229
f2850e8671d8d6ad50c8721315846cecbce6a71bc2ce41a423cd5d393e85a49a;802598;2019-04-02 03:13:38;Receive;10000;990229
4468cc50a8ecb8d7c4fd51d1c921283d1b41cc7ebf18ff3df19bc2a4a48b560a;802598;2019-04-02 03:13:38;Receive;10000;980229
d079c1ba05f2a9341d9bfe7e6d3cf8a44f251208f3a59fdf9eba95119224c6c7;802598;2019-04-02 03:13:38;Receive;10000;970229
bac1c48c315d96283f4864dfcf58ae08f9262ed179e2654162178046823e839d;802598;2019-04-02 03:13:38;Receive;10000;960229
f26d9b3d19e80e6d996a29f7225dec7e7843b3d1783e3c49f9fed22fac67ce74;802598;2019-04-02 03:13:38;Receive;10000;950229
db0ca90435269106bcac1bc8e5b631dd9eae6d3ad07f88042b82c631630a6576;802598;2019-04-02 03:13:38;Receive;10000;940229
d505f17aef2feca4fece4bb033827c87fbe68b09a10a25b6a75ffecfd762e857;802598;2019-04-02 03:13:38;Receive;10000;930229
cc36419acdd02a4562b5cb121f3958fa284a77973712debb0b8e5939c2d2ee1b;802598;2019-04-02 03:13:38;Receive;10000;920229
40fb44c141ee70a12a65b60c196c54d48e47c3139cc53347e7829335a8705f34;802598;2019-04-02 03:13:38;Receive;10000;910229
a13be0b406a489654ec617944e885909a5e86d3eee774cedd74a4b535c924b7c;802598;2019-04-02 03:13:38;Receive;10000;900229
9683fa9ba028d4fe51dac7052146bc86c198bcc4a21b7d426a017e715d5b0db1;802598;2019-04-02 03:13:38;Receive;10000;890229
9897de6bda11b199ce67001cbc8dd10bb410a184018436fce2a78c58963a7873;802598;2019-04-02 03:13:38;Receive;10000;880229
32c344eefef168c819a7b0603582a3d6053366a23dc66b3777cbc2b2f861c70c;802598;2019-04-02 03:13:38;Receive;10000;870229
d998180c8bc801fbf9c4f6824243ab143ff58c47a02b62b26209c4934097ae06;802598;2019-04-02 03:13:38;Receive;10000;860229
887f7d07b73fa7ed293fe5dc2849105bdf964b347485fd6a9edfe535177ce14b;802598;2019-04-02 03:13:38;Receive;10000;850229
687d5a56085b5b14be971f16af395d44201a35c68be26c1a28a0c2c95de79577;802598;2019-04-02 03:13:38;Receive;10000;840229
4d121ece17b9837f09dada9ff9b3e18141a32d3ae8e504ec2483f74faf1512fb;802598;2019-04-02 03:13:38;Receive;10000;830229
580e24225a7d15141ae82d290491495bffa34b11f43ad35f1849aecf816d060d;802598;2019-04-02 03:13:38;Receive;10000;820229
7ddffbbcdb0e04145b34a4125f3fad14e732ce1432ef9e65780d66099805b316;802598;2019-04-02 03:13:38;Receive;10000;810229
25021ea97b08e5dc55069d5cf3d844a94916279ed3db11c6b4a91bca32e421f0;802598;2019-04-02 03:13:38;Receive;10000;800229
428c0bf53a9abb35eb31271036fe749d71eeba0dc230c3bcebd73473bdb526c9;802598;2019-04-02 03:13:38;Receive;10000;790229
794107f7db3a899d1eadafa49eb94aa3d7ed3409b94e64a4002102c39b25e68e;802598;2019-04-02 03:13:38;Receive;10000;780229
3628569c134d3e69dc05e011b633fb9a7eb5c906fbd1dcc5e31fecba8dfbe57c;802598;2019-04-02 03:13:38;Receive;10000;770229
d272832afe403118d612837ee55bb4e69253cbe467082ac824aa6f9c6a019f0c;802598;2019-04-02 03:13:38;Receive;10000;760229
2103d357525de70eb8e6bb93096c0aa79a9b798f1875a9c46eb327c3efee40c0;802598;2019-04-02 03:13:38;Receive;10000;750229
bc222de0488d0faf78db2e43674fab8c60f575a5f0346edec33ac1d3e32051bb;802598;2019-04-02 03:13:38;Receive;10000;740229
3ebd77429cc2a210cec1d69745323f66b79f6e54be487ae03a66217aac96cbb9;802598;2019-04-02 03:13:38;Receive;10000;730229
f32935555ad2d60bbfd3627f361e91d263adfd247cd1cc558ddb4d3dfe0b4a80;802598;2019-04-02 03:13:38;Receive;10000;720229
6513d69bd7b4adbca5ccf1bf8178c76e77bb891b17046465e402fd190110edd2;802598;2019-04-02 03:13:38;Receive;10000;710229
b9101a2f442dc79a3b5fd881a74075b6fcc3b720e90d25b6a8e38e98e2a11da1;802598;2019-04-02 03:13:38;Receive;10000;700229
6b898858203d36fb1bdfc66966511e6e64a8d09e7c62ef2081cf06d0af4c4d5a;802598;2019-04-02 03:13:38;Receive;10000;690229
e14154a697e87423168a3978031e9f5f11f949a57f7ffcd492def869baba0f16;802598;2019-04-02 03:13:38;Receive;10000;680229
58269d3af126f854f6f1a19869a97fdcf9bf215918c53457e9fb6c62bbf9aec8;802598;2019-04-02 03:13:38;Receive;10000;670229
c9af624db4c39f586e1d61838ee387be751635526afc4e8ed82d8e6eef40246f;802598;2019-04-02 03:13:38;Receive;10000;660229
68c62a5d7104010c9fb8aa1190899bca384d7acdcbc55de9a14e1b9c03a4ea41;802598;2019-04-02 03:13:38;Receive;10000;650229
36d3eeabb85e941bcfc592e232b412cd7f0d2c4e194ae53d3c56dab7dd13e4da;802598;2019-04-02 03:13:38;Receive;10000;640229
bcb89f0d0dc12e7ebd9fbb59338d7e98b4e23805e2e3e92d000b6403863da44b;802598;2019-04-02 03:13:38;Receive;10000;630229
b29edf7c31832c21d2c52c3eaa12b897fb61e54484c329e713271fdcee26f1c3;802598;2019-04-02 03:13:38;Receive;10000;620229
4ec1ad8d5784906dd66e4760c0ee1885f42936972f8f99d24057bc7fcb3b93dd;802598;2019-04-02 03:13:38;Receive;10000;610229
b254a436553e8fbd703b97c14a8fce14669ff9e88863a86e2bdb26dd90b9a2fe;802598;2019-04-02 03:13:38;Receive;10000;600229
8bd84b7a66cb8f5108738ded327ee5f6a1afac08841e96fd7aa8d13e40377bb6;802598;2019-04-02 03:13:38;Receive;10000;590229
2956a752f48eb4baaf161fb15502d79b73dc7bcf215f69bb7c2dfd926b9bb2b2;802598;2019-04-02 03:13:38;Receive;10000;580229
89df97921a93df32d2be150e2de5399243c17b82ea4afb7312f73c2360c24aaf;802598;2019-04-02 03:13:38;Receive;10000;570229
f3ecb38a9239c9dbc91ec78742aee3b21058a29ecb988f8e35f06915a4cfbb67;802598;2019-04-02 03:13:38;Receive;10000;560229
b2959b3303329ad73bb4a8eea5dbcb4ded50e188bf5f45e4ea567194196d1305;802598;2019-04-02 03:13:38;Receive;10000;550229
51a3690d6933792c0d0848ab61fe04e1a14baad7b77a0b787274d799146c3c54;802598;2019-04-02 03:13:38;Receive;10000;540229
fdd625b6c391f8be44be7591fa5a0303275f30ef8cf686930f226d7e09ba4a87;802598;2019-04-02 03:13:38;Receive;10000;530229
e4930805f574588a0f6b1488f2a508389c2b25b09a5283e682d73cbc97bc5035;802598;2019-04-02 03:13:38;Receive;10000;520229
2474b724933a38f1d36025e1fee6a98c60b1cc79ced8d45aa0e640176bc03b24;802598;2019-04-02 03:13:38;Receive;10000;510229
99c2082d3a6767a65cd9c41b8787ad9bba6d7a6f8ef076af0ddc0c6c9e412431;802598;2019-04-02 03:13:38;Receive;10000;500229
1c09fd8d535e53872d2acb1c417c541d3d0f5848c1a74a02b5b582c748ceeef6;802598;2019-04-02 03:13:38;Receive;10000;490229
090e4f2b68947c88624ccecf28b00fb26d2ade8395465edd9c67245966256bab;802598;2019-04-02 03:13:38;Receive;10000;480229
b999b1ce14652bad7cc78b69c858e55e60c4488116fd3a52af76c68aab3facaf;802598;2019-04-02 03:13:38;Receive;10000;470229
5e29964ee4ae9999e9650e8ae4e045c41c4f3a790f141f01f2f5fffca68f876c;802598;2019-04-02 03:13:38;Receive;10000;460229
9168ba4e66adf75c9c9f7e8918ae6159dfdce534c0008ab0c4f52490191c2441;802598;2019-04-02 03:13:38;Receive;10000;450229
c664a7e28e3476ba6aec3c2ed9f3b7a0e0da2f6a3d50ab12fe59542e74c878ad;802598;2019-04-02 03:13:38;Receive;10000;440229
4e370b05e7210ce55336269d26f1588e9e6a70ec644d3d52fae09d10717a9f9b;802598;2019-04-02 03:13:38;Receive;10000;430229
ff638298bac93e9d265f3a15203258253628f98a09c5219d0664432ee2123258;802598;2019-04-02 03:13:38;Receive;10000;420229
63dfa2fad5bf8a2fdeb5ef4a4bf3afda850166e7c75d16cde710d73adc4e89b2;802598;2019-04-02 03:13:38;Receive;10000;410229
25a9594e71cf5e5863da7784fb19f1f15e097c5e1e999eb613609c73292e2cea;802598;2019-04-02 03:13:38;Receive;10000;400229
5229db6a28b7edd7e003ba579019a712940e76dfed50cd7b77a76ad6a25d2a74;802598;2019-04-02 03:13:38;Receive;10000;390229
a64aa2025d95498773771affc0cbf075ba6d86c46d251f90f43f134cda2a3dbd;802598;2019-04-02 03:13:38;Receive;10000;380229
970f24cd3a4ca75cbef8d647ef161366c54715aa8d62d51ec66ca126a2e2e0be;802598;2019-04-02 03:13:38;Receive;10000;370229
f2af2f8d319cd2e3cd5bec9fcc583d004e806a2f49edf3fb062874fc49a4cadb;802598;2019-04-02 03:13:38;Receive;10000;360229
34abbf69caad47e0662b5bcfcd8fe26e9256f17edfe905cdff9bd264b308f53a;802598;2019-04-02 03:13:38;Receive;10000;350229
f9cfb4f948f053df9a22c1d7dd99a11f8bb653aa4b986502511490a111000bbc;802598;2019-04-02 03:13:38;Receive;10000;340229
9acd43ba5b2b0d7ed0037e8a57a4590e7c563c0127f1fac265ec44444bffc306;802598;2019-04-02 03:13:38;Receive;10000;330229
0bc9f734aa49b2a048c79e94b143d93233d4c997dfb59c441875113e500cdd47;802598;2019-04-02 03:13:38;Receive;10000;320229
bf36f7e7a36d4fc028d729fc698f7ef76ef0a699ec8460b5d99939134210934d;802598;2019-04-02 03:13:38;Receive;10000;310229
2ee7d756a8c0fe9dd162616a3eebe2c64f317308d8278c344caf8beacdeb1f2d;802598;2019-04-02 03:13:38;Receive;10000;300229
39a2b7dac0515a69ed944a5167223f6adc1b395a419ae77e2615236fb86578e9;802598;2019-04-02 03:13:38;Receive;10000;290229
31e73cf510c3fd466a51057a1747718db8abbdd26df40576026cd20d91f65d80;802598;2019-04-02 03:13:38;Receive;10000;280229
5aefb78f993ccbc5b037aa2f5ecc93431276803d8a83aeceaca265c6365ce3fd;802598;2019-04-02 03:13:38;Receive;10000;270229
fdc1f85cf254fab29787dcbb09514128d0b3926db83419bb5aa03badd3811109;802598;2019-04-02 03:13:38;Receive;10000;260229
cb9d5d3c2260f0f2c21c4c40271bea46ae9cb8516f719c922caf5b00d5ec355e;802598;2019-04-02 03:13:38;Receive;10000;250229
2970aa9a2e657f88f7295bd2315254e65599a930302225424823c6c6e9210fb2;802598;2019-04-02 03:13:38;Receive;10000;240229
15f1266171b02f0fd2e0f88b55c6eb392c2c69a6deff18b55123395e157e8145;802598;2019-04-02 03:13:38;Receive;10000;230229
96e1ae96862558ac58dfac142c386357688e4985ae1ec1c5ed6a0a06bec02e7d;802598;2019-04-02 03:13:38;Receive;10000;220229
934ac3082667fab774ac3025ac6683b456662b2d5c4856e59eb811b66d9f5585;802598;2019-04-02 03:13:38;Receive;10000;210229
3f89a27a060f47b8344cfb6869ec9173a6c933e1d82df45e60ca693f58d1bf85;802598;2019-04-02 03:13:38;Receive;10000;200229
f4f9f53f3eae2f5ec1c015ce1ad78accbc295c2f066a3c74350f6ec52d07d230;802598;2019-04-02 03:13:38;Receive;10000;190229
8d4c761ef4deca44fd8b998906541df069a6e71b6eeb5c92c37cee14fd86605f;802598;2019-04-02 03:13:38;Receive;10000;180229
05ecb7affd3c94419c741c38ca9909284e342c7144cdf25ca71e1260ef81074b;802598;2019-04-02 03:13:38;Receive;10000;170229
0bf5c49c2da2b716bf7b65a13aaa16c895fc113b908e18f4ca117b70799c2070;802598;2019-04-02 03:13:38;Receive;10000;160229
e56b848353854a089163aca628d7b2afce17ac9d38e68898d9fb8c15546dc255;802598;2019-04-02 03:13:38;Receive;10000;150229
6151455004743432237f44815025c586286740bfdebf7aa5c9a1891682d306b9;802598;2019-04-02 03:13:38;Receive;10000;140229
2fcc795669ce3fffd32d5d153ee29eda21048a6369b9c5251c07f66cc3529333;802598;2019-04-02 03:13:38;Receive;10000;130229
650d3f61cd841ddd8b271ae3468ae39a2d4450bd2d8bf73e6213b4c72f7f01e0;802598;2019-04-02 03:13:38;Receive;10000;120229
5141adb3eac68adfa85dcbc6c6dcd0e5c4fd8a71dc209577753f97ffac58d550;802598;2019-04-02 03:13:38;Receive;10000;110229
bd4f94530b797bbee942551b89e3f4b0d6c4e37349dc01586931277a935153ce;802598;2019-04-02 03:13:38;Receive;10000;100229
5406abf0319e606fa1a063bc77a25aa3e9256acfe56fe7051ad42154ae7e6dfd;802598;2019-04-02 03:13:38;Receive;10000;90229
45b42ffb27effae8e4d7459e6c752d99893da214b2adc9ec7c41fd701f401520;802598;2019-04-02 03:13:38;Receive;10000;80229
f9ebcbe687decf0d3497839c334cdc2fc5f463c370902143728919c270fd3659;802598;2019-04-02 03:13:38;Receive;10000;70229
6d3aa61620d4cd0eeb93bce338361077c7017ad078870611f10b26b88904f739;802598;2019-04-02 03:13:38;Receive;10000;60229
816ac6de60049c72519d359ea31d4f9505a54d1e110650f1a44b72f9f2ce00c8;802598;2019-04-02 03:13:38;Receive;10000;50229
ab3746a96f7575fbadd6eecd4ea573877d4ad96b2ba7b16e0c1cfe2450636a92;802598;2019-04-02 03:13:38;Receive;10000;40229
eeb21d21a54bf7c4816b4b89d03b1fee57abcfb9fc26737187b4643bbd2df187;802598;2019-04-02 03:13:38;Receive;10000;30229
c3b3d1a9d4492f9b0be891b6212554aa371ab58a6a07ad0b14051f884dc41491;802598;2019-04-02 03:13:38;Receive;10000;20229
1dbc3778ee9ddcdc820ccdb74d369f42df22d6dbbc0ebfb3b064c1ddec6fb262;802596;2019-04-02 03:10:38;Receive;1533;10229
c1f4e87b591061c058b1ab33af9982dd5c3815e10a8c6eb3d3006dfb5205b85d;802581;2019-04-02 02:57:06;Receive;596;8696
59dfb2f87711bfa6d9e6ee8875692538724dabd7c2f99b2fd8022a8b5bf02efc;802581;2019-04-02 02:57:06;Receive;1000;8100
8f33e482882ebff686c4b5b016a55c211784790ecc13206b0fa759a6349c85ec;802581;2019-04-02 02:57:06;Receive;1000;7100
463bc0cc8bd42029c574d25f38f131f0ec8dbe0e5f33def150745b2464e0b8e5;802581;2019-04-02 02:57:06;Receive;1000;6100
9ae3e5a2c223d9494fec9b9e9f5d30d7a467b349f60ed09e365232382e4b1132;802581;2019-04-02 02:57:06;Receive;1000;5100
0f8bc0ae86fa60370d65b256099f28da17dd29424c20dedbd0d510de221a7232;802581;2019-04-02 02:57:06;Receive;1000;4100
c46179311756f3d1dd681bb643202b562f9e880bbf9a0851d67ce468e4ff7493;802581;2019-04-02 02:57:06;Receive;1000;3100
5d3ab7a543207805cd78969890d21339f8cf27e7d25c0ce9e56f51fffb41fba3;802581;2019-04-02 02:57:06;Receive;1000;2100
c66114ecbfb9b4959b844059b3a1cd700028974ec60b45be4c308e44dc5e8a11;802581;2019-04-02 02:57:06;Receive;1000;1100
1a210ed199d046acdb7e7714cceac5a6c61348149826037918b33c04f45b0475;802575;2019-04-02 02:50:16;Receive;100;100
